# callgrind format
version: 1
creator: callgrind-3.14.0
pid: 25027
cmd:  ./primes_exe 100000
part: 1


desc: I1 cache: 
desc: D1 cache: 
desc: LL cache: 

desc: Timerange: Basic block 0 - 17151
desc: Trigger: Program termination

positions: line
events: Ir
summary: 67080


ob=(1) /lib/x86_64-linux-gnu/ld-2.28.so
fl=(38) /build/glibc-vjB4T1/glibc-2.28/misc/../sysdeps/unix/sysv/linux/mmap64.c
fn=(130) mmap
44 66
-3 396
+6 66
+5 330
+2 231
-7 18

fl=(19) /build/glibc-vjB4T1/glibc-2.28/string/../sysdeps/x86_64/multiarch/memmove-vec-unaligned-erms.S
fn=(70) mempcpy
115 48
+1 48
+1 48
+17 48
+1 48
+1 9
+1 9
+5 4
+1 4
+1 4
+1 4
+5 4
280 39
+1 39
+1 14
+1 14
+1 9
+1 9
+1 7
+4 7
+22 25
+1 25
+1 25
+1 25
+1 25
+3 5
+1 5
+1 5
+1 5
+1 5
+3 2
+1 2
+1 2
+1 2
+1 2
+10 5
+1 5
+1 5
+1 5
+2 1
+1 1
+1 1
+1 1
+1 1
+1 1
+1 1
+1 1
+1 1
+1 1
+1 1
+1 1
+1 1
+1 1
+1 1
+1 1
+2 1
+3 4
+1 4
+1 4
+1 4
+1 4
+1 4
+1 4
+1 4
+2 4

fn=(46) memcpy
128 30
+6 30
+1 30
+1 20
+1 20
+5 7
+1 7
+1 7
+1 7
+5 7
280 10
+1 10
+1 1
+1 1
+1 1
+1 1
+1 1
+1 1
+1 1
+2 1
+22 9
+1 9
+1 9
+1 9
+1 9
+24 13
+1 13
+1 13
+1 13
+2 3
+1 3
+1 3
+1 3
+1 3
+1 3
+1 3
+1 3
+1 3
+1 3
+1 3
+1 3
+1 3
+1 3
+1 3
+1 3
+2 3
+3 10
+1 10
+1 10
+1 10
+1 10
+1 10
+1 10
+1 10
+2 10

fl=(15) /build/glibc-vjB4T1/glibc-2.28/elf/dl-environ.c
fn=(34) _dl_next_ld_env_entry
29 3
+3 10
+13 46
-13 138
+2 96
+1 14
+5 2
-3 2
+3 2
+2 2
+7 1

fl=(26) /build/glibc-vjB4T1/glibc-2.28/string/../sysdeps/x86_64/multiarch/../strchr.S
fn=(80) index
24 23
+1 23
+1 23
+1 23
+1 23
+1 23
+1 23
+1 23
+1 23
+1 23
+1 23
+1 23
+1 23
+1 23
+1 23
+1 23
+1 23
+1 20
+4 20
+1 20
+1 20
+1 20
+2 20
+4 3
+1 3
+1 3
+1 3
+1 3
+1 3
+1 3
+1 3
+1 3
+1 3
+1 3
+1 3
+1 3
+1 3
+1 3
+1 3
+1 3
+1 3
+1 3
+1 3
+1 3
+1 3
+1 3
+1 4
+5 1
+1 1
+3 1
+1 1
+1 1
+1 1
+1 1
+1 1
+1 1
+1 1
+1 1
+1 1
+1 1
+1 1
+1 1
+1 1
+1 1
+1 1
+1 1
+1 1
+2 1
+1 1
+2 1
+1 1
+1 1
+1 1
+1 1
+1 1
+1 1
+1 1
+2 1
+1 1
+1 1
+1 1
+1 1
+1 1
+1 1
+1 1
+1 1
+1 1
+3 1
+4 1
+1 1
+1 1
+1 1
+2 1
-9 2
+4 2
+1 2
+1 2
+1 2
+2 2

fl=(20) /build/glibc-vjB4T1/glibc-2.28/string/../sysdeps/x86_64/strcmp.S
fn=(54) strcmp
144 224
+1 224
+2 224
+1 224
+21 224
+1 224
+1 206
+1 206
+1 171
+1 171
+1 171
+1 171
+21 171
+1 171
+1 171
+1 171
+1 171
+1 171
+1 171
+5 2
+1 2
+9 2
+1 2
+1 2
+1 2
+1 2
+1 2
+1 2
+1 2
-7 53
+1 53
+1 53
+1 53
+1 53
+1 53
+1 53
+1 53
+1 55
+1 37
+1 37
+1 37
+2 37
+1 37
+1 37
+1 37
+1 37
+1 37
-5 18
+1 18
+1 18
+1 18
+1 18
+1 18
571 7
+1 7
+1 7
+1 7
+1 7
+2 7
+1 7
+1 7
+1 7
+1 7
+1 7
+1 7
696 2
+1 2
+1 2
+1 2
+1 2
+2 2
+1 2
+1 2
+1 2
+1 2
+1 2
+1 2
946 4
+1 4
+1 4
+1 4
+1 4
+2 4
+1 4
+1 4
+1 4
+1 4
+1 4
+1 4
+1 1
+4 1
+1 1
+1 1
+6 1
+1 1
+1 2
+4 1
+1 1
+3 1
+1 1
+1 1
+3 1
+1 1
+1 1
+6 1
+1 1
+1 1
+1 1
+1 1
+1 1
1196 1
+1 1
+1 1
+1 1
+1 1
+2 1
+1 1
+1 1
+1 1
+1 1
+1 1
+1 1
1321 5
+1 5
+1 5
+1 5
+1 5
+2 5
+1 5
+1 5
+1 5
+1 5
+1 5
+1 5
1446 7
+1 7
+1 7
+1 7
+1 7
+2 7
+1 7
+1 7
+1 7
+1 7
+1 7
+1 7
+1 2
+4 2
+1 2
+1 2
+6 2
+1 2
+1 4
+4 2
+1 2
+3 2
+1 2
+1 2
+3 2
+1 2
+1 2
+6 2
+1 2
+1 2
+1 2
+1 2
+1 2
+72 14
+1 14
+1 14
+1 14
+1 14
+2 14
+1 14
+1 14
+1 14
+1 14
+1 14
+1 14
+1 6
+4 6
+1 6
+1 6
+6 6
+1 6
+1 12
+4 6
+1 6
+3 6
+1 6
+1 6
+3 6
+1 6
+1 6
+6 6
+1 6
+1 6
+1 6
+1 6
+1 6
+72 2
+1 2
+1 2
+1 2
+1 2
+2 2
+1 2
+1 2
+1 2
+1 2
+1 2
+1 2
+1 2
+4 2
+1 2
+1 2
+6 2
+1 2
+1 4
+4 2
+1 2
+3 2
+1 2
+1 2
+3 2
+1 2
+1 2
+6 2
+1 2
+1 2
+1 2
+1 2
+1 2
+72 1
+1 1
+1 1
+1 1
+1 1
+2 1
+1 1
+1 1
+1 1
+1 1
+1 1
+1 1
+1 1
+4 1
+1 1
+1 1
+6 1
+1 1
+1 2
+4 1
+1 1
+3 1
+1 1
+1 1
+3 1
+1 1
+1 1
+6 1
+1 1
+1 1
+1 1
+1 1
+1 1
+72 10
+1 10
+1 10
+1 10
+1 10
+2 10
+1 10
+1 10
+1 10
+1 10
+1 10
+1 10
+1 2
+4 2
+1 2
+1 2
+6 2
+1 2
+1 4
+4 2
+1 2
+3 2
+1 2
+1 2
+3 2
+1 2
+1 2
+6 2
+1 2
+1 2
+1 2
+1 2
+1 2
+72 2
+1 2
+1 2
+1 2
+1 2
+2 2
+1 2
+1 2
+1 2
+1 2
+1 2
+1 2
+2 1
+4 1
+1 1
+1 1
+6 1
+1 1
+2 2
+4 1
+1 1
+3 1
+1 1
+1 1
+3 1
+1 1
+1 1
+6 1
+1 1
+1 1
+1 1
+1 1
+1 1
+74 15
+2 15
+1 15
+1 15
+1 15
-3 40
+1 40
+1 40
+1 40
+1 74
+5 37
+6 37
+1 37
+8 37
+1 37
-16 187
+6 187
+1 187
+8 187
+1 187

fl=(29) /build/glibc-vjB4T1/glibc-2.28/elf/../elf/dl-tls.c
fn=(90) _dl_count_modids
113 2
+1 2

fn=(160) _dl_next_tls_modid
51 12
+48 3
+4 3

fl=(37) /build/glibc-vjB4T1/glibc-2.28/io/../sysdeps/unix/sysv/linux/wordsize-64/fxstat.c
fn=(128) _fxstat
33 8
+1 16
+1 48
+4 8

fl=(6) /build/glibc-vjB4T1/glibc-2.28/elf/dl-lookup.c
fn=(10) _dl_setup_hash
940 27
+2 9
+2 18
+2 9
-1 9
+3 27
+1 9
+4 9
-3 9
+7 9
-7 9
+3 9
-1 9
+3 9
+2 9
-7 9
+7 9
+1 9

fl=(27) /build/glibc-vjB4T1/glibc-2.28/string/strdup.c
fn=(82) strdup
40 32
+1 8
cfi=(13) /build/glibc-vjB4T1/glibc-2.28/string/../sysdeps/x86_64/multiarch/../strlen.S
cfn=(28) strlen
calls=8 +38 
* 280
* 8
+1 16
cfi=(18) /build/glibc-vjB4T1/glibc-2.28/elf/dl-minimal.c
cfn=(44) malloc
calls=8 +8 
* 144
* 8
+2 16
+4 8
-1 24
+1 16
-1 8
cfi=(19)
cfn=(46)
calls=8 +81 
* 128

fl=(22) /build/glibc-vjB4T1/glibc-2.28/posix/../sysdeps/unix/syscall-template.S
fn=(62) uname
78 4
+1 1

fl=(44) /build/glibc-vjB4T1/glibc-2.28/elf/dl-deps.c
fn=(144) _dl_map_object_deps
159 1
+1 3
-1 2
+1 1
-1 1
+1 1
-1 5
+1 1
-8 1
+7 1
+1 1
-1 1
+1 1
-8 2
-6 1
+6 1
+8 1
-15 1
-1 1
+2 1
+6 1
+24 3
-28 3
-2 1
+31 1
-33 2
+2 2
-2 1
+2 1
-1 1
+1 1
+6 4
+24 7
+4 1
+20 1
fi=(49) /build/glibc-vjB4T1/glibc-2.28/elf/../include/scratch_buffer.h
78 1
fe=(44)
180 1
fi=(49)
77 4
fe=(44)
198 1
+89 1
-89 1
303 1
200 1
303 1
-94 1
+4 1
-4 1
+4 2
-4 4
+4 4
-4 4
+4 8
+11 13
-18 1
+18 1
433 8
+2 9
+3 9
cfi=(18)
cfn=(44)
calls=3 50 
* 54
* 3
* 3
+1 6
+6 3
+1 15
cfi=(19)
cfn=(46)
calls=3 128 
* 38
+1 18
cfi=(19)
cfn=(46)
calls=3 128 
* 38
+4 3
-1 3
+5 28
226 4
+11 4
-5 4
-6 8
+5 4
+2 8
+1 8
+3 16
-31 4
+31 4
+66 12
-55 39
-2 13
+2 13
cfi=(31) /build/glibc-vjB4T1/glibc-2.28/elf/dl-error-skeleton.c
cfn=(108) _dl_catch_exception
calls=13 -73 
* 36671
* 13
+1 24
+9 12
+2 24
+5 7
+6 7
+2 7
-8 14
+3 7
+1 7
+1 7
+1 7
+4 35
+4 24
+1 24
-43 352
+1 178
+6 52
cfi=(23) /build/glibc-vjB4T1/glibc-2.28/elf/dl-load.c
cfn=(78) _dl_dst_count
calls=13 -13 
* 568
* 65
+38 228
458 12
-1 4
+1 8
214 32
fi=(49)
-83 4
fe=(44)
+86 4
fi=(49)
-86 8
cfi=(50) /build/glibc-vjB4T1/glibc-2.28/malloc/scratch_buffer_set_array_size.c
cfn=(166) __libc_scratch_buffer_set_array_size
calls=4 -97 
* 68
fe=(44)
+86 8
+4 8
380 8

fn=(146) openaux
61 26
+7 13
-4 26
+1 13
-1 26
+1 13
-1 65
cfi=(23)
cfn=(114) _dl_map_object
calls=13 2157 
* 35813
* 12
+5 24

fl=(50)
fn=(166)
34 4
-4 4
+4 4
-4 4
+1 8
+4 4
-5 8
+5 4
+11 4
-1 8
+18 16

fl=(18)
fn=(44)
50 123
+11 60
+3 30
-3 30
+3 60
-3 2
+3 1
-3 1
+3 122
-15 3
+20 4
+1 2
+2 2
+1 7
cfi=(38)
cfn=(130)
calls=1 -29 
* 35
+2 2
+2 3
+2 1
+3 1
-3 2
+4 1
+2 5
-2 30
+2 30
-3 30
+3 30
-29 1
-1 1
+1 1
+1 2
-2 2

fn=(86) free
111 32

fn=(74) strsep
265 6
+2 2
+1 4
+4 47
+7 112
-2 56
+13 1
+4 2
-7 14
-15 44

fn=(40) calloc
92 8
+4 8
+4 8
-1 16
+1 16
+3 8
cfn=(44)
calls=8 -53 
* 210
* 8

fl=(1) ???
fn=(0) 0x0000000000001090
0 2
cfi=(2) /build/glibc-vjB4T1/glibc-2.28/elf/rtld.c
cfn=(2) _dl_start
calls=1 445 
0 67078

fl=(24) /build/glibc-vjB4T1/glibc-2.28/elf/dl-hwcaps.c
fn=(66) _dl_important_hwcaps
42 4
+1 1
-1 6
+1 1
-1 1
+1 1
-1 1
+1 2
-1 1
+1 1
cfi=(8) /build/glibc-vjB4T1/glibc-2.28/elf/dl-tunables.c
cfn=(26) __tunable_get_val
calls=1 373 
* 18
* 1
+2 1
+1 2
-1 1
+1 1
+9 1
-12 1
+12 5
+1 6
+1 2
-1 1
-1 12
+10 3
190 3
-5 1
+5 4
-4 10
fi=(25) /build/glibc-vjB4T1/glibc-2.28/elf/../sysdeps/x86/dl-hwcap.h
57 6
fe=(24)
188 1
+1 1
cfi=(13)
cfn=(28)
calls=1 79 
* 16
+1 3
-1 1
+1 1
-5 1
+5 4
-5 2
-37 2
+1 1
-1 6
+37 2
+8 3
+2 1
+1 2
+1 4
+3 1
+1 1
-1 1
+4 2
+3 4
+4 8
+1 2
+18 10
+1 2
-1 1
+1 2
cfi=(18)
cfn=(44)
calls=1 50 
* 18
* 1
+1 4
-1 1
+1 1
+31 12
+3 4
+7 2
+10 8
-4 2
-3 1
+6 1
-3 1
cfi=(19)
cfn=(70)
calls=1 115 
* 16
* 2
-3 1
+6 1
-3 1
cfi=(19)
cfn=(70)
calls=1 115 
* 16
* 4
+3 4
+1 12
+1 5
cfi=(19)
cfn=(70)
calls=1 115 
* 14
* 2
-2 2
+5 6
cfi=(19)
cfn=(70)
calls=2 115 
* 28
* 4
+2 6
-7 3
+13 1
-1 1
+1 2
-1 2
+1 7
-1 7
+1 14
-1 16
+5 7
+3 2
-3 8
+3 10
+1 48
+1 24
-1 24
+1 24
-1 24
-1 27
+4 6
+3 1
+2 2
-1 1
-1 1
+2 1
-2 1
+2 2
-1 1
+1 2
+3 2
+3 2
-6 2
+2 6
+3 1
+1 2
-6 5
+13 8
+1 1
-1 2
+3 2
-3 3
+1 3
-1 6
+3 6
+3 3
+3 9
185 5
+29 1
+1 3
+1 3
-1 2
+2 2
+4 1
+3 3

fl=(45) /build/glibc-vjB4T1/glibc-2.28/io/../sysdeps/unix/sysv/linux/wordsize-64/xstat.c
fn=(150) _xstat
33 8
+1 16
+1 48
+4 1
-4 28

fl=(7) /build/glibc-vjB4T1/glibc-2.28/elf/../elf/dl-sysdep.c
fn=(12) _dl_sysdep_start
88 8
+25 1
-1 1
+1 154
+6 1
-3 1
+1 1
-4 1
+3 1
+3 8
-29 1
-1 2
+30 1
+1 1
-1 18
+1 108
-1 107
+62 1
+1 1
-1 1
+1 1
-29 1
+1 2
+11 1
+1 1
-1 1
+1 1
-7 1
+1 1
-1 1
+1 1
-4 1
+1 2
-25 1
+1 2
-4 1
+1 2
-7 1
+1 1
+2 1
+1 1
+97 1
cfi=(8)
cfn=(14) __GI___tunables_init
calls=1 +65 
* 19675
fi=(10) /build/glibc-vjB4T1/glibc-2.28/elf/../sysdeps/unix/sysv/linux/dl-sysdep.c
36 2
cfi=(11) /build/glibc-vjB4T1/glibc-2.28/elf/../sysdeps/unix/sysv/linux/x86_64/brk.c
cfn=(20) brk
calls=1 -5 
* 9
fi=(12) /build/glibc-vjB4T1/glibc-2.28/elf/../sysdeps/x86/cpu-features.c
229 1
-12 1
+12 1
-11 1
+11 1
+3 6
401 3
+1 1
+3 2
+1 1
+11 1
-5 1
+5 1
-3 1
+3 1
-4 1
+4 1
cfi=(8)
cfn=(26)
calls=1 -44 
* 21
+2 4
cfi=(8)
cfn=(26)
calls=1 -46 
* 22
* 1
+2 3
-2 1
+2 1
cfi=(8)
cfn=(26)
calls=1 -48 
* 22
* 1
+2 3
-2 1
+2 1
cfi=(8)
cfn=(26)
calls=1 -50 
* 22
* 1
+12 1
-1 1
-11 1
+12 1
fe=(7)
236 1
cfi=(13)
cfn=(28)
calls=1 79 
* 16
* 1
+2 2
cfi=(14) /build/glibc-vjB4T1/glibc-2.28/elf/../misc/sbrk.c
cfn=(30) sbrk
calls=1 32 
* 17
* 3
+12 3
+3 5
cfi=(2)
cfn=(32) dl_main
calls=1 871 
* 45563
fi=(12)
439 3
+28 1
fe=(7)
235 1
fi=(12)
458 3
+2 4
+1 2
+2 4
+1 2
238 6
cfn=(24) get_common_indeces.constprop.1
calls=1 60 
* 85
49 2
+1 2
+1 6
243 6
348 4
236 1
348 3
245 1
+1 1
-1 2
+1 6
+46 2
+22 1
+10 5
+13 2
+1 1
fe=(7)

fl=(42) /build/glibc-vjB4T1/glibc-2.28/io/../sysdeps/unix/sysv/linux/close_nocancel.c
fn=(140) __GI___close_nocancel
26 32
+1 8

fl=(30) /build/glibc-vjB4T1/glibc-2.28/string/../sysdeps/x86_64/strcspn.S
fn=(96) strcspn
30 1
+7 1
+1 1
+2 1
+1 1
+1 1
+1 1
+1 33
+3 2
+7 1
+1 1
+1 1
+1 1
+2 1
+1 1
+1 1
+1 1
+2 1
+1 1
+1 1
+9 3
+12 1
+2 1
+1 1
+1 1
-4 16
+2 16
+1 16
+1 16
+2 16
+1 16
+1 16
+2 16
+1 16
+1 16
+2 16
+1 16
+1 16
+6 1
+7 1
+4 1

fl=(32) /build/glibc-vjB4T1/glibc-2.28/setjmp/../sysdeps/x86_64/setjmp.S
fn=(110) __sigsetjmp
32 14
+9 14
+1 28
+1 14
+4 14
+1 14
+1 14
+1 14
+1 14
+2 28
+2 14
+1 14
+3 28
+2 14
+19 14
+1 14

fl=(12)
fn=(24)
60 2
+4 4
+3 3
+4 2
-4 1
+4 1
-4 1
+3 1
+1 1
+1 4
+1 4
+1 3
+1 2
+7 2
+1 7
+7 3
+4 2
+2 4
+47 2
+4 4
+1 2
+3 1
+7 1
-8 1
+4 1
+2 1
-2 1
+4 2
+3 2
+50 3
100 2
+3 2
+11 1
-11 1
+11 2
+3 1
-3 1
+3 1
+7 3
-5 3

fl=(48) /build/glibc-vjB4T1/glibc-2.28/misc/../sysdeps/unix/syscall-template.S
fn=(162) mprotect
78 12
+1 3

fl=(2)
fn=(50) rtld_lock_default_lock_recursive
785 8
+1 8

fn=(100) do_preload
751 1
+12 1
-12 5
+10 1
-4 1
+6 2
-5 1
+5 2
-10 1
+6 1
+4 1
cfi=(31)
cfn=(104) _dl_catch_error
calls=1 213 
* 2594
* 1
+1 3
+8 3
+6 5

fn=(98) dso_name_valid_for_suid
122 4
+1 3
+8 2
+1 5

fn=(2)
445 9
+19 4
fi=(3) /build/glibc-vjB4T1/glibc-2.28/elf/get-dynamic-info.h
48 1
fe=(2)
464 1
fi=(5) /build/glibc-vjB4T1/glibc-2.28/elf/../sysdeps/x86_64/dl-machine.h
59 3
fe=(2)
490 1
-3 1
fi=(3)
48 2
+15 1
+5 1
+3 1
+2 2
-6 1
+3 1
+3 1
-6 1
+3 2
-6 16
+10 4
-26 12
+16 13
+10 13
-26 39
+26 1
-26 3
+2 36
+13 20
+2 4
+16 2
+20 4
+1 4
+1 4
+1 4
+2 4
+5 4
+1 4
+1 4
+5 3
+5 2
+7 3
+1 3
+8 3
+3 3
+4 2
+1 2
fe=(2)
501 2
394 1
508 1
394 1
cfi=(6)
cfn=(10)
calls=1 940 
* 23
+1 2
+1 2
+1 2
+1 2
+8 3
+9 2
-9 1
+3 1
-3 1
+9 1
cfi=(7)
cfn=(12)
calls=1 88 
* 66030
fi=(3)
68 4
fe=(2)
506 25
fi=(4) /build/glibc-vjB4T1/glibc-2.28/elf/do-rel.h
84 1
-1 1
+28 3
+1 2
fi=(5)
538 2
fi=(4)
112 78
fi=(5)
538 78
+1 40
fi=(4)
111 40
fi=(5)
539 80
fi=(4)
111 80
+5 2
fi=(5)
333 1
+87 1
fi=(4)
124 2
+12 9
+3 9
-3 9
fi=(5)
273 9
fi=(4)
139 9
-3 9
+1 18
fi=(5)
301 18
+8 90
+3 18
+21 54
fi=(3)
71 4
+1 1
+1 2
fi=(4)
+51 28
fi=(5)
352 18
+1 9
fe=(2)

fn=(32)
871 1
+17 1
-17 4
2495 1
871 5
+17 1
+4 1
2480 1
892 1
+1 2
+5 1
2480 1
898 1
2473 1
871 1
2473 1
+7 2
871 1
2475 1
+5 1
-4 1
+4 1
+2 4
cfi=(15)
cfn=(34)
calls=1 29 
* 50
* 4
cfi=(15)
cfn=(34)
calls=2 29 
* 266
* 6
+4 6
-2 2
+2 42
+1 19
-1 57
+3 4
+6 13
2644 3
+32 3
908 4
2571 3
+1 3
-56 2
+7 2
1109 7
cfi=(16) /build/glibc-vjB4T1/glibc-2.28/elf/dl-object.c
cfn=(36) _dl_new_object
calls=1 59 
* 230
* 1
+2 2
+1 1
+1 1
+5 2
-5 1
+1 3
+4 1
cfi=(16)
cfn=(48) _dl_add_to_namespace_list
calls=1 31 
* 33
+1 2
880 1
1148 1
-5 1
-3 1
+1 1
+7 1
-5 1
+5 1
-3 1
+3 3
+56 2
877 1
1167 1
+22 1
+15 2
-55 36
-1 33
+1 55
1257 5
+3 2
+2 2
+2 2
+13 3
+3 1
-2 1
+2 1
-2 2
+2 1
-2 2
cfi=(20)
cfn=(54)
calls=1 144 
* 24
* 2
+10 1
-3 1
-2 1
+3 1
+2 2
+1 2
+4 2
+2 2
fi=(3)
33 1
+9 2
+6 1
-2 1
+2 2
+15 1
+5 1
+3 1
+2 1
-3 1
-3 1
-3 22
+10 5
-26 15
+16 24
+10 24
-26 72
+26 1
-26 3
+2 60
+13 24
+2 4
+16 3
+20 3
+1 4
+1 4
+1 4
+2 4
+5 4
+1 4
+1 4
+5 3
+5 2
+7 2
+1 3
+18 3
+14 3
+2 3
+8 2
+5 2
+3 2
fe=(2)
1300 2
cfi=(6)
cfn=(10)
calls=1 940 
* 23
+3 2
fi=(21) /build/glibc-vjB4T1/glibc-2.28/elf/setup-vdso.h
24 2
fe=(2)
1244 2
+1 2
+1 1
-6 2
+1 1
-88 3
+1 1
+50 4
-1 4
+1 8
-1 4
+2 8
+1 1
+3 2
+1 2
-1 6
+1 6
+1 4
+1 10
+1 2
-36 1
-9 2
+2 1
-3 1
+10 2
+18 2
-37 3
+1 1
1319 4
+6 1
cfi=(10)
cfn=(60) _dl_discover_osversion
calls=1 46 
* 86
* 9
fi=(3)
68 4
+3 4
+1 1
+1 3
fe=(2)
1330 2
cfi=(23)
cfn=(64) _dl_init_paths
calls=1 681 
* 1846
+3 3
cfi=(28) /build/glibc-vjB4T1/glibc-2.28/elf/dl-debug.c
cfn=(88) _dl_debug_initialize
calls=1 49 
* 17
+7 1
-7 1
+2 1
+5 1
+4 1
+3 1
-3 3
+1 2
+3 1
+5 1
-7 1
+7 1
+1 5
+15 1
+2 2
+1 2
+2 2
+3 1
-1 1
+1 2
+5 3
+1 5
-1 2
-39 4
+42 2
+1 2
+5 2
+6 5
-1 1
+2 2
1577 1
cfi=(29)
cfn=(90)
calls=1 113 
* 4
* 1
+8 3
+3 2
+4 3
+5 2
+1 1
cfi=(28)
cfn=(92) _dl_debug_state
calls=1 74 
* 1
+5 3
+15 3
+4 1
-2 1
+2 2
+16 3
cfi=(43) /build/glibc-vjB4T1/glibc-2.28/io/../sysdeps/unix/sysv/linux/access.c
cfn=(142) access
calls=1 27 
* 8
* 2
+77 4
+17 3
+1 2
-1 1
+1 2
-1 1
+1 4
cfi=(44)
cfn=(144)
calls=1 159 
* 38986
2523 4
+2 2
+1 1
+46 2
+2 2
+1 1
1719 1
+1 1
-1 6
+4 3
+1 1
+1 2
+1 2
-7 2
-95 3
+1 1
-1 2
+1 1
cfn=(94) handle_ld_preload
calls=1 838 
* 2982
* 1
+1 4
+2 4

fn=(52) rtld_lock_default_unlock_recursive
791 8
+1 8

fn=(94)
838 3
+1 1
-1 7
+5 2
+3 3
cfi=(30)
cfn=(96)
calls=1 30 
* 271
* 1
+1 3
+9 1
+4 1
-2 2
+2 1
cfn=(98)
calls=1 122 
* 14
* 2
+1 4
cfn=(100)
calls=1 751 
* 2623
* 1
-18 2
+21 8
-15 4
cfi=(19)
cfn=(46)
calls=1 128 
* 26
+1 2

fn=(112) map_doit
589 1
+2 1
-2 1
+2 1
+1 2
-1 2
+1 3
cfi=(23)
cfn=(114)
calls=1 2157 
* 2507
* 1
+2 2

fl=(10)
fn=(60)
46 4
+2 3
+85 5
-45 3
cfi=(22)
cfn=(62)
calls=1 -10 
* 5
+15 1
-15 2
+20 1
-1 1
+3 12
+4 3
-2 6
+2 9
+2 1
+1 2
-3 4
+7 3
-1 3
+4 3
-2 3
+2 10
+5 2

fl=(31)
fn=(104)
213 4
+2 1
-2 2
+2 1
-2 1
+2 2
cfn=(108)
calls=1 -40 
* 2571
* 1
+1 2
+1 1
+1 1
-1 1
+1 1
+2 5

fn=(108)
175 28
+15 14
-3 14
+1 14
-1 14
+4 14
-16 14
+19 14
-3 14
+3 14
-19 14
+13 14
+2 14
+4 14
cfi=(32)
cfn=(110)
calls=14 32 
* 266
* 42
+2 42
cfi=(44)
cfn=(146)
calls=13 61 
* 36031
cfi=(2)
cfn=(112)
calls=1 589 
* 2521
+2 13
-1 13
+1 13
-1 13
+1 26
+9 52

fl=(8)
fn=(14)
289 8
-9 4
68 149
+6 48
-3 48
+3 4517
+4 96
+5 96
297 96
fi=(9) /build/glibc-vjB4T1/glibc-2.28/elf/dl-tunables.h
120 144
+1 107
-1 11
+1 22
-1 8
+1 32
-1 40
fe=(8)
330 192
-12 5760
fi=(9)
120 1728
+1 1773
-1 36
fe=(8)
312 4656
68 96
364 8

fn=(26)
373 104
+4 40
+22 55
+2 11
-9 2
+1 1

fl=(16)
fn=(48)
31 24
+2 8
-2 16
+2 16
cfi=(2)
cfn=(50)
calls=8 785 
* 16
+2 77
+3 105
+2 7
+2 7
+4 7
+4 7
+1 7
-5 14
+1 7
+4 7
-4 7
+1 7
+3 7
-3 7
+2 7
cfi=(2)
cfn=(52)
calls=7 791 
* 14
-4 1
+4 1
+1 1
-5 2
+1 1
+4 1
-4 1
+1 1
+3 1
-3 1
+2 1
cfi=(2)
cfn=(52)
calls=1 791 
* 2
-5 2

fn=(36)
59 88
+1 8
-1 8
+1 16
cfi=(13)
cfn=(28)
calls=8 +19 
* 172
+6 8
+7 8
-13 16
+6 16
-6 8
+6 24
+2 16
+5 24
cfi=(18)
cfn=(40)
calls=8 +19 
* 282
* 8
* 8
+3 16
+4 8
+5 8
-6 8
+6 8
-5 8
+5 8
-5 8
+5 8
-1 8
+1 8
-1 8
+1 8
cfi=(19)
cfn=(46)
calls=8 +43 
* 99
* 8
+10 8
-10 8
+10 8
+1 8
-9 8
+8 24
+1 8
-1 8
+1 32
+3 16
+2 8
+4 8
+3 21
+2 2
-2 2
+2 30
-2 30
+18 16
-5 8
+5 8
-6 8
+6 8
-6 8
+6 16
+2 21
+3 14
+4 21
+4 14
+2 1
+6 1
+3 1
+3 2
-3 1
+3 1
-3 7
+3 14
-3 7
+3 7
+2 7
+21 7
-21 7
cfi=(13)
cfn=(28)
calls=7 -76 
* 264
+4 7
-4 21
+17 7
-13 21
+50 21
cfi=(19)
cfn=(70)
calls=7 -94 
* 132
* 115
+6 108
-1 108
+1 115
-1 7
+1 7
+2 14
+3 7
+3 7
+4 72
100 23
+39 21
-15 1
+7 4
+32 14
cfi=(18)
cfn=(44)
calls=7 50 
* 126
* 7
* 7
+1 28

fl=(23)
fn=(114)
2157 126
+8 28
+1 56
+3 328
+5 546
+2 234
cfi=(33) /build/glibc-vjB4T1/glibc-2.28/elf/dl-misc.c
cfn=(116) _dl_name_match_p
calls=78 282 
* 7351
* 156
+4 144
+1 216
+3 47
+1 47
+1 47
-1 47
+1 47
cfi=(20)
cfn=(54)
calls=47 144 
* 1677
* 94
2468 117
2202 48
-43 8
+53 24
+36 16
-2 8
+2 8
cfi=(26)
cfn=(80)
calls=8 24 
* 184
* 16
2399 2
-1 3
cfn=(76) expand_dynamic_string_token
calls=1 378 
* 245
+2 1
-3 1
+3 2
+4 9
cfn=(118) open_verify.constprop.12
calls=1 1658 
* 240
+3 2
-3 1
+3 2
+12 4
+46 1
+1 3
-1 1
+1 9
cfn=(124) _dl_map_object_from_fd
calls=1 866 
* 1654
-1 6
+1 18
-1 6
+1 54
cfn=(124)
calls=6 866 
* 11008
* 21
2252 14
cfi=(13)
cfn=(28)
calls=7 79 
* 112
* 14
+2 14
+7 28
+36 84
cfn=(148) open_path
calls=7 2009 
* 2760
+6 6
-6 6
+6 24
659 6
2304 6
659 12
2391 12
+28 24
+2 24
2312 6
+14 12
+2 18
+4 12
cfi=(46) /build/glibc-vjB4T1/glibc-2.28/elf/dl-cache.c
cfn=(152) _dl_load_cache_lookup
calls=6 187 
* 8266
* 6
+2 12
+4 12
+8 18
+23 60
cfn=(118)
calls=6 1658 
* 1472
+4 18
-4 6
+4 12
+1 12
2265 7
+1 14
-1 28
+8 49
-3 24
659 8
2271 8
659 16
+3 7
cfn=(168) cache_rpath.part.11
calls=1 +3 
* 8
2271 24
+14 14
+1 56
659 7
2287 7
659 14
2296 14
+1 14

fn=(168)
665 1
-11 1
+11 3
+3 1
+8 2

fn=(64)
681 1
+13 3
-13 5
+13 1
-13 1
+13 1
cfi=(24)
cfn=(66)
calls=1 42 
* 715
+5 1
-5 1
+5 1
cfi=(18)
cfn=(44)
calls=1 50 
* 18
* 1
-1 1
+2 2
+8 2
-1 1
+1 1
-1 3
+4 4
cfi=(18)
cfn=(44)
calls=1 50 
* 18
* 1
* 1
+2 2
+7 1
+8 2
+2 1
+12 1
-23 1
+11 1
+3 1
+9 2
-11 1
+11 1
-8 1
-1 1
+2 1
+4 16
+1 4
-1 12
+1 28
-1 84
+3 8
-8 3
+8 3
-14 6
+10 3
+4 3
-14 3
+6 3
+1 3
-5 3
+1 3
+2 3
+5 3
-3 6
+18 1
-11 1
+6 1
+1 1
+5 2
+2 4
+2 3
+38 4
-19 1
-2 2
+2 2
+21 2
cfi=(13)
cfn=(28)
calls=1 79 
* 16
* 8
cfi=(19)
cfn=(46)
calls=1 128 
* 10
* 1
+5 4
-1 2
+2 56
-1 57
+5 1
cfi=(18)
cfn=(44)
calls=1 50 
* 18
* 1
-1 1
+2 2
+6 7
cfn=(72) fillin_rpath
calls=1 447 
* 628
+3 3
+6 1
+4 7
-37 2

fn=(124)
866 77
+10 7
-10 7
+10 7
-10 21
+10 7
cfi=(28)
cfn=(88)
calls=7 49 
* 56
fi=(36) /build/glibc-vjB4T1/glibc-2.28/elf/../sysdeps/posix/dl-fileid.h
37 21
fe=(23)
876 7
fi=(36)
37 7
cfi=(37)
cfn=(128)
calls=7 -4 
* 70
* 14
+4 7
fe=(23)
892 7
fi=(36)
40 7
+1 7
fe=(23)
892 154
+1 70
fi=(36)
49 112
fe=(23)
1406 63
910 14
+24 28
+10 14
+22 28
+32 14
877 7
1001 49
cfi=(16)
cfn=(36)
calls=7 59 
* 2397
* 7
+1 14
+11 14
+5 7
-5 7
+1 7
+5 7
-5 7
+1 7
+2 7
-2 7
+2 14
+1 21
+20 7
-2 7
+10 7
-8 42
+8 14
+97 7
1040 7
1143 7
-97 7
-7 7
1143 7
1034 7
1143 21
-96 102
-1 490
+1 398
+6 14
+5 14
+1 28
+11 140
+5 196
+8 28
+1 28
-1 28
+1 140
+1 56
+2 28
-2 28
+1 28
-1 28
+3 28
-1 28
-2 28
+3 28
+4 56
+1 84
+5 42
-1 21
-14 21
+14 21
+1 105
+10 21
-10 14
-1 7
-14 7
+14 7
+1 35
+10 7
-44 4
+1 2
+46 9
+4 3
+1 6
+1 9
+3 9
+1 3
+3 3
-3 3
+7 15
+6 3
cfi=(29)
cfn=(160)
calls=3 51 
* 18
+1 3
-1 3
+1 3
+19 14
+1 14
+1 7
-6 14
+1 21
+16 14
1014 14
1176 14
+10 14
fi=(39) /build/glibc-vjB4T1/glibc-2.28/elf/./dl-map-segments.h
50 14
fe=(23)
1186 7
fi=(39)
56 7
fe=(23)
1186 21
fi=(39)
56 21
fe=(23)
1186 7
fi=(39)
50 7
fe=(23)
1186 14
fi=(39)
56 14
cfi=(38)
cfn=(130)
calls=7 -12 
* 245
+4 21
-4 7
+4 7
+3 14
+1 7
-1 7
+1 7
+2 14
+7 30
cfi=(48)
cfn=(162)
calls=3 +5 
* 15
* 9
+7 14
fi=(40) /build/glibc-vjB4T1/glibc-2.28/elf/./dl-load.h
+10 56
+1 21
+2 56
fi=(39)
+11 112
+6 7
+2 7
-2 7
+1 7
+2 14
-1 14
+3 14
+5 14
+17 14
+12 28
-59 140
+2 126
+2 189
cfi=(38)
cfn=(130)
calls=21 -50 
* 693
* 63
fe=(23)
1198 28
+9 21
fi=(3)
42 14
+6 7
-2 7
+2 14
+15 7
+5 7
+3 7
-1 7
-3 7
-3 170
+10 39
-26 117
+16 142
+10 142
-26 426
+26 7
-26 21
+2 376
+13 184
+2 28
+3 28
+3 28
+2 7
-1 7
+1 21
+8 14
+20 24
+1 28
+1 28
+1 28
+2 28
+5 28
+1 27
+1 28
+5 21
+5 14
+7 14
+1 21
+18 21
+5 8
+2 8
+2 8
+2 8
+3 21
+2 6
+8 4
+5 4
+3 14
fe=(23)
1214 14
+15 21
+19 14
+2 35
+48 21
+1 6
+3 6
cfi=(42)
cfn=(140)
calls=3 26 
* 15
* 8
cfi=(42)
cfn=(140)
calls=4 26 
* 20
* 14
+9 14
+2 28
+2 14
+16 14
cfi=(6)
cfn=(10)
calls=7 940 
* 161
+4 14
+1 14
+17 14
+1 2
+3 2
+5 2
-5 4
+5 2
-5 5
+5 5
-5 10
+5 5
+10 14
+10 21
cfi=(16)
cfn=(48)
calls=7 31 
* 357
+4 21
fi=(39)
123 14
+8 56
cfi=(41) /build/glibc-vjB4T1/glibc-2.28/string/../sysdeps/x86_64/multiarch/memset-vec-unaligned-erms.S
cfn=(136) memset
calls=7 -22 
* 954
+1 28
-42 10
fi=(40)
+4 25
+2 5
-1 10
+1 5
-1 5
+1 5
-1 5
+1 5
-1 10
+3 20
fi=(39)
+43 27
cfi=(38)
cfn=(130)
calls=3 -97 
* 99
+3 9
fe=(23)

fn=(76)
378 6
+10 2
-10 8
+10 2
cfn=(78)
calls=2 231 
* 145
+3 4
+12 2
-11 2
+11 8
-11 2
cfi=(27)
cfn=(82)
calls=2 40 
* 184

fn=(118)
1658 252
+39 21
-39 42
+39 42
+31 84
cfi=(34) /build/glibc-vjB4T1/glibc-2.28/io/../sysdeps/unix/sysv/linux/open64_nocancel.c
cfn=(120) __open_nocancel
calls=21 37 
* 367
* 20
+2 40
+11 7
+1 7
+5 7
-5 7
+1 7
-1 7
+5 42
cfi=(35) /build/glibc-vjB4T1/glibc-2.28/io/../sysdeps/unix/sysv/linux/read_nocancel.c
cfn=(122) __read_nocancel
calls=7 26 
* 35
+2 14
+2 14
+2 14
+6 14
+16 63
-65 13
1995 180
1775 49
+74 14
+5 14
+2 28
+6 14
+11 14
+6 7
+1 7
-1 21
+1 21
+1 14
+21 28
1735 28
1902 342
+2 162
+13 21
+3 28
+28 42
-3 60
+15 6
+6 9
-3 3
+1 3
+3 3
-3 6
+1 3
-1 3
-1 3
+4 6
1775 8
1991 14
cob=(2) ???
cfi=(17) ???
cfn=(84) 0x0000000004001080
calls=7 0 
* 35
* 7
-43 42
+3 7
-4 7
+4 14
+5 3
+1 6
-36 29

fn=(78)
231 15
+3 15
-3 45
+7 15
-7 15
+3 15
cfi=(26)
cfn=(80)
calls=15 24 
* 458
+3 30
+20 105

fn=(72)
447 7
+2 1
-2 9
+4 3
cfi=(18)
cfn=(74)
calls=1 265 
* 281
* 3
cfi=(18)
cfn=(74)
calls=1 265 
* 7
* 6
+7 2
+2 3
cfn=(76)
calls=1 -82 
* 120
* 1
+4 2
+5 2
cfi=(13)
cfn=(28)
calls=1 79 
* 16
+1 2
+7 6
+9 17
+1 8
+57 2
cob=(2)
cfi=(17)
cfn=(84)
calls=1 0 
* 5
* 1
-39 2
+4 8
cfi=(18)
cfn=(44)
calls=1 50 
* 18
* 1
+2 3
+5 1
+1 2
-2 2
+2 1
cfi=(19)
cfn=(70)
calls=1 115 
* 12
+1 1
+2 1
-3 1
+1 1
+2 1
+6 3
+1 1
-1 1
+1 3
+1 1
-1 3
+1 7
-1 21
+3 1
+1 1
-1 1
+1 1
+8 1
-1 1
+4 3
-65 2
+5 4
+23 2
+43 1
+3 9
-15 2

fn=(148)
2009 56
+1 14
+6 14
+5 91
-7 7
+7 14
-8 7
1432 21
2033 42
+7 21
-12 7
+13 7
-1 7
cfi=(19)
cfn=(70)
calls=7 115 
* 84
* 7
+55 14
-8 35
-46 14
+46 13
-46 26
+3 112
+4 98
cfi=(19)
cfn=(70)
calls=14 115 
* 179
* 56
cfi=(19)
cfn=(70)
calls=14 115 
* 168
+3 28
+3 42
+3 126
cfn=(118)
calls=14 1658 
* 718
+2 26
-2 13
+2 39
+2 16
+89 54
-45 42
-64 84
+85 42
+7 12
-2 6
+2 18
+3 18
-13 12
-38 20
+2 10
-46 10
+25 16
+1 64
+6 16
+2 16
-2 24
+2 16
cfi=(45)
cfn=(150)
calls=8 33 
* 101
+3 8
-3 16
+1 1
+2 1
-2 1
+2 7
-37 2
+37 7
-37 14

fl=(46)
fn=(152)
187 54
+8 12
+3 18
+45 15
+6 24
+11 6
-2 18
fi=(47) /build/glibc-vjB4T1/glibc-2.28/elf/../sysdeps/x86/dl-procinfo.h
39 12
+3 18
cfi=(20)
cfn=(54)
calls=6 144 
* 144
* 12
fe=(46)
264 24
cfi=(8)
cfn=(26)
calls=6 373 
* 108
* 6
+23 6
-23 6
+8 6
+15 6
-15 6
+15 774
cfn=(158) _dl_cache_libcmp
calls=60 142 
* 4762
* 360
cfn=(158)
calls=6 142 
* 462
* 36
-15 12
+15 36
-14 12
-1 18
+15 168
+16 12
+4 12
+8 18
cfi=(13)
cfn=(28)
calls=6 79 
* 204
+1 6
-1 36
+1 12
cfi=(19)
cfn=(46)
calls=6 128 
* 92
+1 12
cfi=(27)
cfn=(82)
calls=6 40 
* 512
+1 48
201 4
cfi=(33)
cfn=(154) _dl_sysdep_read_whole_file
calls=1 44 
* 108
* 1
+8 5
+1 7
+7 1
-3 1
+3 3
+3 1
+1 1
-1 1
+1 2
+1 8
fi=(47)
42 12
fe=(46)
262 6

fn=(158)
142 264
+2 1460
+20 718
+2 718
+4 299
-28 299
+29 598
-29 598
+4 12
+8 6
-2 12
+1 12
+1 12
-2 6
+2 6
+2 18
-3 6
+3 6
+2 12
cfn=(159) _dl_cache_libcmp'2
calls=6 -16 
* 42
+9 120

fn=(159)
142 24
+32 18

fl=(11)
fn=(20)
31 5
+2 2
+6 1
+1 1

fl=(13)
fn=(28)
79 40
+1 40
+1 40
+1 40
+1 40
+1 40
+1 40
+2 40
+2 40
+31 40
+1 40
+1 40
+1 40
+1 40
+1 19
+2 19
+4 21
+1 21
+1 21
+1 21
+1 21
+1 21
+1 21
+1 21
+1 21
+1 21
+1 21
+1 21
+5 162
+74 3
+1 3
+1 3
+1 3
+1 3
+1 3
+1 3
+1 3
+16 3
+2 3
+1 42
+2 3
+1 3
+1 3
+2 3

fl=(33)
fn=(116)
282 390
+1 156
cfi=(20)
cfn=(54)
calls=78 144 
* 2212
+1 78
-1 156
+3 78
+2 156
+4 86
-4 172
+1 276
cfi=(20)
cfn=(54)
calls=92 144 
* 2939
* 184
-5 6
+11 102
-1 72
+1 288

fn=(154)
44 1
+3 1
-3 3
+3 1
-3 4
+3 1
cfi=(34)
cfn=(120)
calls=1 -10 
* 16
+1 2
+23 7
-21 5
cfi=(37)
cfn=(128)
calls=1 -17 
* 10
* 2
+2 2
+3 2
+13 2
cfi=(42)
cfn=(140)
calls=1 -42 
* 5
* 1
-11 6
cfi=(38)
cfn=(130)
calls=1 -13 
* 35
* 2

fl=(35)
fn=(122)
26 28
+1 7

fl=(14)
fn=(30)
32 4
+8 6
+4 2
+16 5

fl=(43)
fn=(142)
27 7
+4 1

fl=(28)
fn=(92)
74 1

fn=(88)
49 16
+5 14
+5 2
-1 1
+1 2
+1 2
-1 1
+5 1
-14 8
+4 16
+3 1
+1 9

fl=(41)
fn=(136)
109 35
+6 7
+1 7
+1 5
+1 5
+70 5
+1 5
+10 5
+1 5
+1 5
+1 5
+1 5
+1 5
+1 5
+1 5
+1 5
+1 5
+1 5
+1 5
+1 5
+1 5
+2 114
+1 114
+1 114
+1 114
+1 114
+1 114
+1 114
+1 5
+15 2
+1 2
+1 2
+28 2
+1 2
+2 2

fl=(34)
fn=(120)
37 22
-3 22
+3 132
+8 147
+2 8
-2 39
+2 13

ob=(2)
fl=(17)
fn=(84)
0 8
cob=(1)
cfi=(18)
cfn=(86)
calls=8 111 
0 32

totals: 67080
