# callgrind format
version: 1
creator: callgrind-3.14.0
pid: 25015
cmd:  ./primes_exe 100000
part: 1


desc: I1 cache: 
desc: D1 cache: 
desc: LL cache: 

desc: Timerange: Basic block 0 - 411681756
desc: Trigger: Program termination

positions: line
events: Ir
summary: 1511535730


ob=(6) /lib/x86_64-linux-gnu/libdl-2.28.so
fl=(113) /build/glibc-vjB4T1/glibc-2.28/dlfcn/dlfcn.c
fn=(468) init
29 1
+1 1
+1 1

fl=(112) ???
fn=(462) 0x00000000000011f0
0 11

ob=(10) /usr/lib/x86_64-linux-gnu/valgrind/vgpreload_core-amd64-linux.so
fl=(155) ???
fn=(1080) 0x0000000000001100
0 11

ob=(7) /lib/x86_64-linux-gnu/libgcc_s.so.1
fl=(114) ???
fn=(476) 0x0000000000003380
0 106

fn=(474) __cpu_indicator_init
0 44
cfn=(476)
calls=1 0 
0 106
0 16

fn=(518) 0x0000000000003990
0 11

ob=(1) /lib/x86_64-linux-gnu/ld-2.28.so
fl=(42) /build/glibc-vjB4T1/glibc-2.28/io/../sysdeps/unix/sysv/linux/close_nocancel.c
fn=(140) __GI___close_nocancel
26 36
+1 9

fl=(30) /build/glibc-vjB4T1/glibc-2.28/string/../sysdeps/x86_64/strcspn.S
fn=(96) strcspn
30 1
+7 1
+1 1
+2 1
+1 1
+1 1
+1 1
+1 33
+3 2
+7 1
+1 1
+1 1
+1 1
+2 1
+1 1
+1 1
+1 1
+2 1
+1 1
+1 1
+9 3
+12 1
+2 1
+1 1
+1 1
-4 16
+2 16
+1 16
+1 16
+2 16
+1 16
+1 16
+2 16
+1 16
+1 16
+2 16
+1 16
+1 16
+6 1
+7 1
+4 1

fl=(32) /build/glibc-vjB4T1/glibc-2.28/setjmp/../sysdeps/x86_64/setjmp.S
fn=(110) __sigsetjmp
32 22
+9 22
+1 44
+1 22
+4 22
+1 22
+1 22
+1 22
+1 22
+2 44
+2 22
+1 22
+3 44
+2 22
+19 22
+1 22

fl=(12) /build/glibc-vjB4T1/glibc-2.28/elf/../sysdeps/x86/cpu-features.c
fn=(24) get_common_indeces.constprop.1
60 2
+4 4
+3 3
+4 2
-4 1
+4 1
-4 1
+3 1
+1 1
+1 4
+1 4
+1 3
+1 2
+7 2
+1 7
+7 3
+4 2
+2 4
+47 2
+4 4
+1 2
+3 1
+7 1
-8 1
+4 1
+2 1
-2 1
+4 2
+3 2
+50 3
100 2
+3 2
+11 1
-11 1
+11 2
+3 1
-3 1
+3 1
+7 3
-5 3

fl=(48) /build/glibc-vjB4T1/glibc-2.28/misc/../sysdeps/unix/syscall-template.S
fn=(376) munmap
78 4
+1 1

fn=(162) mprotect
78 52
+1 13

fl=(2) /build/glibc-vjB4T1/glibc-2.28/elf/rtld.c
fn=(174) version_check_doit
622 2
+2 4
cfi=(52) /build/glibc-vjB4T1/glibc-2.28/elf/dl-version.c
cfn=(176) _dl_check_all_versions
calls=1 362 
* 26236
* 2
+4 2

fn=(50) rtld_lock_default_lock_recursive
785 131
+1 131

fn=(100) do_preload
751 1
+12 1
-12 5
+10 1
-4 1
+6 2
-5 1
+5 2
-10 1
+6 1
+4 1
cfi=(31) /build/glibc-vjB4T1/glibc-2.28/elf/dl-error-skeleton.c
cfn=(104) _dl_catch_error
calls=1 213 
* 2594
* 1
+1 3
+8 3
+6 5

fn=(98) dso_name_valid_for_suid
122 4
+1 3
+8 2
+1 5

fn=(180) init_tls
682 1
+2 1
+4 1
-4 1
+4 1
+10 4
cfi=(18) /build/glibc-vjB4T1/glibc-2.28/elf/dl-minimal.c
cfn=(40) calloc
calls=1 92 
* 27
* 1
-4 1
+15 1
-12 1
+6 1
-9 1
+11 1
+4 1
+2 3
-1 2
+3 30
+4 3
+2 3
-2 3
+2 6
-7 3
-1 6
+1 7
-1 14
+10 2
+3 1
cfi=(29) /build/glibc-vjB4T1/glibc-2.28/elf/../elf/dl-tls.c
cfn=(182) _dl_determine_tlsoffset
calls=1 135 
* 132
+7 1
cfi=(29)
cfn=(184) _dl_allocate_tls_storage
calls=1 332 
* 449
* 1
+1 2
+6 1
+3 1
-3 1
+3 6
+6 1
-3 1
+3 2

fn=(2) _dl_start
445 9
+19 4
fi=(3) /build/glibc-vjB4T1/glibc-2.28/elf/get-dynamic-info.h
48 1
fe=(2)
464 1
fi=(5) /build/glibc-vjB4T1/glibc-2.28/elf/../sysdeps/x86_64/dl-machine.h
59 3
fe=(2)
490 1
-3 1
fi=(3)
48 2
+15 1
+5 1
+3 1
+2 2
-6 1
+3 1
+3 1
-6 1
+3 2
-6 16
+10 4
-26 12
+16 13
+10 13
-26 39
+26 1
-26 3
+2 36
+13 20
+2 4
+16 2
+20 4
+1 4
+1 4
+1 4
+2 4
+5 4
+1 4
+1 4
+5 3
+5 2
+7 3
+1 3
+8 3
+3 3
+4 2
+1 2
fe=(2)
501 2
394 1
508 1
394 1
cfi=(6) /build/glibc-vjB4T1/glibc-2.28/elf/dl-lookup.c
cfn=(10) _dl_setup_hash
calls=1 940 
* 23
+1 2
+1 2
+1 2
+1 2
+8 3
+9 2
-9 1
+3 1
-3 1
+9 1
cfi=(7) /build/glibc-vjB4T1/glibc-2.28/elf/../elf/dl-sysdep.c
cfn=(12) _dl_sysdep_start
calls=1 88 
* 2152731
* 1
+9 4
+3 2
+4 2
533 9
fi=(3)
68 4
fe=(2)
506 25
fi=(4) /build/glibc-vjB4T1/glibc-2.28/elf/do-rel.h
84 1
-1 1
+28 3
+1 2
fi=(5)
538 2
fi=(4)
112 78
fi=(5)
538 78
+1 40
fi=(4)
111 40
fi=(5)
539 80
fi=(4)
111 80
+5 2
fi=(5)
333 1
+87 1
fi=(4)
124 2
+12 9
+3 9
-3 9
fi=(5)
273 9
fi=(4)
139 9
-3 9
+1 18
fi=(5)
301 18
+8 90
+3 18
+21 54
fi=(3)
71 4
+1 1
+1 2
fi=(4)
+51 28
fi=(5)
352 18
+1 9
fe=(2)

fn=(32) dl_main
871 1
+17 1
-17 4
2495 1
871 5
+17 1
+4 1
2480 1
892 1
+1 2
+5 1
2480 1
898 1
2473 1
871 1
2473 1
+7 2
871 1
2475 1
+5 1
-4 1
+4 1
+2 4
cfi=(15) /build/glibc-vjB4T1/glibc-2.28/elf/dl-environ.c
cfn=(34) _dl_next_ld_env_entry
calls=1 29 
* 50
* 4
cfi=(15)
cfn=(34)
calls=2 29 
* 266
* 6
+4 6
-2 2
+2 42
+1 19
-1 57
+3 4
+6 13
2644 3
+32 3
908 4
2571 3
+1 3
-56 2
+7 2
1109 7
cfi=(16) /build/glibc-vjB4T1/glibc-2.28/elf/dl-object.c
cfn=(36) _dl_new_object
calls=1 59 
* 230
* 1
+2 2
+1 1
+1 1
+5 2
-5 1
+1 3
+4 1
cfi=(16)
cfn=(48) _dl_add_to_namespace_list
calls=1 31 
* 33
+1 2
880 1
1148 1
-5 1
-3 1
+1 1
+7 1
-5 1
+5 1
-3 1
+3 3
+56 2
877 1
1167 1
+22 1
+15 2
-55 36
-1 33
+1 55
1257 5
+3 2
+2 2
+2 2
+13 3
+3 1
-2 1
+2 1
-2 2
+2 1
-2 2
cfi=(20) /build/glibc-vjB4T1/glibc-2.28/string/../sysdeps/x86_64/strcmp.S
cfn=(54) strcmp
calls=1 144 
* 24
* 2
+10 1
-3 1
-2 1
+3 1
+2 2
+1 2
+4 2
+2 2
fi=(3)
33 1
+9 2
+6 1
-2 1
+2 2
+15 1
+5 1
+3 1
+2 1
-3 1
-3 1
-3 22
+10 5
-26 15
+16 24
+10 24
-26 72
+26 1
-26 3
+2 60
+13 24
+2 4
+16 3
+20 3
+1 4
+1 4
+1 4
+2 4
+5 4
+1 4
+1 4
+5 3
+5 2
+7 2
+1 3
+18 3
+14 3
+2 3
+8 2
+5 2
+3 2
fe=(2)
1300 2
cfi=(6)
cfn=(10)
calls=1 940 
* 23
+3 2
fi=(21) /build/glibc-vjB4T1/glibc-2.28/elf/setup-vdso.h
24 2
fe=(2)
1244 2
+1 2
+1 1
-6 2
+1 1
-88 3
+1 1
+50 4
-1 4
+1 8
-1 4
+2 8
+1 1
+3 2
+1 2
-1 6
+1 6
+1 4
+1 10
+1 2
-36 1
-9 2
+2 1
-3 1
+10 2
+18 2
-37 3
+1 1
1319 4
+6 1
cfi=(10) /build/glibc-vjB4T1/glibc-2.28/elf/../sysdeps/unix/sysv/linux/dl-sysdep.c
cfn=(60) _dl_discover_osversion
calls=1 46 
* 86
* 9
fi=(3)
68 4
+3 4
+1 1
+1 3
fe=(2)
1330 2
cfi=(23) /build/glibc-vjB4T1/glibc-2.28/elf/dl-load.c
cfn=(64) _dl_init_paths
calls=1 681 
* 1846
+3 3
cfi=(28) /build/glibc-vjB4T1/glibc-2.28/elf/dl-debug.c
cfn=(88) _dl_debug_initialize
calls=1 49 
* 17
+7 1
-7 1
+2 1
+5 1
+4 1
+3 1
-3 3
+1 2
+3 1
+5 1
-7 1
+7 1
+1 5
+15 1
+2 2
+1 2
+2 2
+3 1
-1 1
+1 2
+5 3
+1 5
-1 2
-39 4
+42 2
+1 2
+5 2
+6 5
-1 1
+2 2
1577 1
cfi=(29)
cfn=(90) _dl_count_modids
calls=1 113 
* 4
* 1
+8 3
+3 2
+4 3
+5 2
+1 1
cfi=(28)
cfn=(92) _dl_debug_state
calls=1 74 
* 1
+5 3
+15 3
+4 1
-2 1
+2 2
+16 3
cfi=(43) /build/glibc-vjB4T1/glibc-2.28/io/../sysdeps/unix/sysv/linux/access.c
cfn=(142) access
calls=1 27 
* 8
* 2
+77 4
+17 3
+1 2
-1 1
+1 2
-1 1
+1 4
cfi=(44) /build/glibc-vjB4T1/glibc-2.28/elf/dl-deps.c
cfn=(144) _dl_map_object_deps
calls=1 159 
* 55292
+1 3
+5 1
-5 1
+2 3
+3 2
+1 40
-1 18
+1 3
-1 2
+4 3
+1 3
+1 1
+2 2
+1 2
-1 2
+1 36
-1 21
+47 2
+2 2
-1 1
-1 3
+2 4
cfi=(31)
cfn=(172) _dl_receive_error
calls=1 226 
* 26261
+10 1
+1 1
-1 1
+1 1
+3 2
800 1
fi=(191) /build/glibc-vjB4T1/glibc-2.28/elf/../sysdeps/unix/sysv/linux/dl-osinfo.h
64 2
fe=(2)
802 1
fi=(191)
77 1
fe=(2)
811 1
+7 1
-5 1
1815 3
2045 3
2523 4
+2 2
+1 1
+13 1
1760 1
+1 1
-1 1
+1 2
+2 1
+2 4
+2 1
-4 1
+5 1
-1 2
+14 2
+1 2
+1 3
+2 2
+1 1
-28 1
+28 2
2152 2
-47 1
+6 1
-10 1
+4 1
+6 1
+3 2
+56 3
+7 1
+2 3
+1 1
-1 2
+2 33
+2 30
+5 20
+2 20
+6 10
+2 20
+1 72
cfi=(53) /build/glibc-vjB4T1/glibc-2.28/elf/dl-reloc.c
cfn=(188) _dl_relocate_object
calls=9 148 
* 2033200
+4 26
+1 6
cfi=(29)
cfn=(302) _dl_add_to_slotinfo
calls=3 887 
* 60
* 3
-12 1
+1 1
-3 2
+16 4
+2 3
+6 1
-6 1
+6 1
+5 4
+2 1
+7 3
cfi=(29)
cfn=(370) _dl_allocate_tls_init
calls=1 437 
* 292
+3 2
+9 3
+2 4
+15 3
+2 1
+1 1
-3 1
+3 2
-3 1
+3 2
cfi=(53)
cfn=(188)
calls=1 148 
* 9290
+1 4
+2 3
+8 1
cfi=(7)
cfn=(372) _dl_sysdep_start_cleanup
calls=1 260 
* 1
+4 3
+20 3
cfi=(28)
cfn=(88)
calls=1 49 
* 8
+1 1
+1 1
cfi=(28)
cfn=(92)
calls=1 74 
* 1
+5 1
cfi=(46) /build/glibc-vjB4T1/glibc-2.28/elf/dl-cache.c
cfn=(374) _dl_unload_cache
calls=1 328 
* 15
+5 8
2572 2
+2 2
+1 1
1719 1
+1 1
-1 6
+4 3
+1 1
+1 2
+1 2
-7 2
-95 3
+1 1
-1 2
+1 1
cfn=(94) handle_ld_preload
calls=1 838 
* 2982
* 1
+1 4
+2 4
1808 1
cfn=(180)
calls=1 682 
* 725
* 2

fn=(52) rtld_lock_default_unlock_recursive
791 131
+1 131

fn=(94)
838 3
+1 1
-1 7
+5 2
+3 3
cfi=(30)
cfn=(96)
calls=1 30 
* 271
* 1
+1 3
+9 1
+4 1
-2 2
+2 1
cfn=(98)
calls=1 122 
* 14
* 2
+1 4
cfn=(100)
calls=1 751 
* 2623
* 1
-18 2
+21 8
-15 4
cfi=(19) /build/glibc-vjB4T1/glibc-2.28/string/../sysdeps/x86_64/multiarch/memmove-vec-unaligned-erms.S
cfn=(46) memcpy
calls=1 128 
* 26
+1 2

fn=(112) map_doit
589 1
+2 1
-2 1
+2 1
+1 2
-1 2
+1 3
cfi=(23)
cfn=(114) _dl_map_object
calls=1 2157 
* 2507
* 1
+2 2

fl=(10)
fn=(60)
46 4
+2 3
+85 5
-45 3
cfi=(22) /build/glibc-vjB4T1/glibc-2.28/posix/../sysdeps/unix/syscall-template.S
cfn=(62) uname
calls=1 -10 
* 5
+15 1
-15 2
+20 1
-1 1
+3 12
+4 3
-2 6
+2 9
+2 1
+1 2
-3 4
+7 3
-1 3
+4 3
-2 3
+2 10
+5 2

fl=(131) /build/glibc-vjB4T1/glibc-2.28/elf/dl-open.c
fn=(648) _dl_find_dso_for_object
174 5
+4 5
+1 4
+1 32
+1 2
-2 21
+5 2
+4 7

fl=(31)
fn=(104)
213 4
+2 1
-2 2
+2 1
-2 1
+2 2
cfn=(108) _dl_catch_exception
calls=1 -40 
* 2571
* 1
+1 2
+1 1
+1 1
-1 1
+1 1
+2 5

fn=(172)
226 3
+1 1
+1 1
+3 1
+1 1
+2 2
cfi=(2)
cfn=(174)
calls=1 622 
* 26246
+2 1
+1 1
+1 4

fn=(108)
175 44
+15 22
-3 22
+1 22
-1 22
+4 22
-16 22
+19 22
-3 22
+3 22
-19 22
+13 22
+2 22
+4 22
cfi=(32)
cfn=(110)
calls=22 32 
* 418
* 66
+2 66
cfi=(44)
cfn=(146) openaux
calls=21 61 
* 47628
cfi=(2)
cfn=(112)
calls=1 589 
* 2521
+2 22
-1 22
+1 22
-1 22
+1 44
+9 88

fl=(52)
fn=(178) _dl_check_map_versions
156 70
+15 30
+2 10
+3 30
-3 20
+2 10
+1 10
-1 10
+3 20
+3 16
-16 8
-8 8
+28 8
-4 8
+4 32
+16 8
37 8
201 8
37 8
201 8
37 40
201 9
37 9
201 9
37 9
201 9
37 45
+1 114
-1 228
+2 393
cfi=(33) /build/glibc-vjB4T1/glibc-2.28/elf/dl-misc.c
cfn=(116) _dl_name_match_p
calls=131 282 
* 12597
* 262
209 51
+5 17
-71 34
+71 34
-71 51
+79 17
-2 17
-2 17
+4 17
-4 136
+4 25
-2 25
-2 25
+4 25
-4 215
57 6
+8 9
-8 78
+8 117
+6 126
+16 42
+1 84
+2 42
+5 294
+14 778
+12 1041
+4 347
-30 694
225 168
+3 126
+5 25
-11 25
111 42
+3 168
cfi=(20)
cfn=(54)
calls=42 +30 
* 1762
* 185
237 68
+5 18
-43 9
+11 8
+41 32
+3 32
+10 128
-7 512
+3 384
-3 32
+3 24
+8 18
+89 90
165 2
+86 2
-94 2
+94 3
+23 36
cfi=(18)
cfn=(40)
calls=9 92 
* 243
* 9
-1 9
+2 18
+13 9
+2 9
-5 9
+3 18
+2 18
+3 32
+4 51
+18 25
-15 75
+2 75
-2 51
+2 51
+2 42
+1 42
-1 84
+1 42
-1 42
+1 42
+1 42
-2 42
+2 84
+1 126
+3 126
+8 51
+5 9
-28 9
+33 27
+3 32
+20 128
-14 272
-2 128
+6 128
+1 128
+1 128
-1 384
+1 128
-1 128
+1 128
+1 128
+3 416

fn=(176)
362 5
+4 5
-2 2
+4 60
cfn=(178)
calls=10 156 
* 26087
-2 10
+2 40
-2 20
+5 7

fl=(8) /build/glibc-vjB4T1/glibc-2.28/elf/dl-tunables.c
fn=(14) __GI___tunables_init
289 8
-9 4
68 149
+6 48
-3 48
+3 4517
+4 96
+5 96
297 96
fi=(9) /build/glibc-vjB4T1/glibc-2.28/elf/dl-tunables.h
120 144
+1 107
-1 11
+1 22
-1 8
+1 32
-1 40
fe=(8)
330 192
-12 5760
fi=(9)
120 1728
+1 1773
-1 36
fe=(8)
312 4656
68 96
364 8

fn=(26) __tunable_get_val
373 288
+4 76
+22 140
+2 28
-9 2
+1 1
-11 16
+1 8

fl=(97) /build/glibc-vjB4T1/glibc-2.28/elf/../elf/dl-runtime.c
fn=(400) _dl_fixup
66 208
+6 208
-6 104
+3 208
+3 312
-4 104
+5 104
+2 104
-2 520
+2 104
-2 104
+2 104
+5 208
+4 208
+4 312
+4 208
+1 416
-7 416
+16 104
-1 104
+1 208
+10 936
cfi=(6)
cfn=(196) _dl_lookup_symbol_x
calls=104 791 
* 111669
* 104
+4 520
+10 936
+15 104
-8 104
+8 312
+4 312
fi=(5)
+97 104
fe=(97)
-93 312
fi=(144) /build/glibc-vjB4T1/glibc-2.28/elf/../sysdeps/x86_64/dl-irel.h
32 5
cob=(3) /lib/x86_64-linux-gnu/libc-2.28.so
cfi=(66) /build/glibc-vjB4T1/glibc-2.28/string/../sysdeps/x86_64/multiarch/ifunc-memcmp.h
cfn=(234) bcmp
calls=1 +1 
* 13
cob=(3)
cfi=(61) /build/glibc-vjB4T1/glibc-2.28/string/../sysdeps/x86_64/multiarch/ifunc-avx2.h
cfn=(268) strlen
calls=1 * 
* 8
cob=(3)
cfi=(69) /build/glibc-vjB4T1/glibc-2.28/string/../sysdeps/x86_64/multiarch/strcmp.c
cfn=(240) strcmp
calls=1 +9 
* 8
cob=(3)
cfi=(146) /build/glibc-vjB4T1/glibc-2.28/posix/../sysdeps/x86_64/multiarch/sched_cpucount.c
cfn=(736) __sched_cpucount
calls=1 +3 
* 6
cob=(3)
cfi=(70) /build/glibc-vjB4T1/glibc-2.28/string/../sysdeps/x86_64/multiarch/ifunc-memset.h
cfn=(242) memset
calls=1 +10 
* 18
* 5
fe=(97)

fl=(16)
fn=(48)
31 27
+2 9
-2 18
+2 18
cfi=(2)
cfn=(50)
calls=9 785 
* 18
+2 91
+3 132
+2 8
+2 8
+4 8
+4 8
+1 8
-5 16
+1 8
+4 8
-4 8
+1 8
+3 8
-3 8
+2 8
cfi=(2)
cfn=(52)
calls=8 791 
* 16
-4 1
+4 1
+1 1
-5 2
+1 1
+4 1
-4 1
+1 1
+3 1
-3 1
+2 1
cfi=(2)
cfn=(52)
calls=1 791 
* 2
-5 2

fn=(36)
59 99
+1 9
-1 9
+1 18
cfi=(13) /build/glibc-vjB4T1/glibc-2.28/string/../sysdeps/x86_64/multiarch/../strlen.S
cfn=(28) strlen
calls=9 +19 
* 188
+6 9
+7 9
-13 18
+6 18
-6 9
+6 27
+2 18
+5 27
cfi=(18)
cfn=(40)
calls=9 +19 
* 369
* 9
* 9
+3 18
+4 9
+5 9
-6 9
+6 9
-5 9
+5 9
-5 9
+5 9
-1 9
+1 9
-1 9
+1 9
cfi=(19)
cfn=(46)
calls=9 +43 
* 109
* 9
+10 9
-10 9
+10 9
+1 9
-9 9
+8 27
+1 9
-1 9
+1 36
+3 18
+2 9
+4 9
+3 23
+2 2
-2 2
+2 30
-2 30
+18 18
-5 9
+5 9
-6 9
+6 9
-6 9
+6 18
+2 24
+3 17
+4 27
+4 16
+2 1
+6 1
+3 1
+3 2
-3 1
+3 1
-3 8
+3 16
-3 8
+3 8
+2 8
+21 8
-21 8
cfi=(13)
cfn=(28)
calls=8 -76 
* 298
+4 8
-4 24
+17 8
-13 24
+50 24
cfi=(19)
cfn=(70) mempcpy
calls=8 -94 
* 152
* 127
+6 119
-1 119
+1 127
-1 8
+1 8
+2 16
+3 8
+3 8
+4 81
100 26
+39 24
-15 1
+7 4
+32 16
cfi=(18)
cfn=(44) malloc
calls=8 50 
* 144
* 8
* 8
+1 32

fl=(23)
fn=(114)
2157 198
+8 44
+1 88
+3 518
+5 896
+2 384
cfi=(33)
cfn=(116)
calls=128 282 
* 12883
* 256
+4 228
+1 342
+3 76
+1 76
+1 76
-1 76
+1 76
cfi=(20)
cfn=(54)
calls=76 144 
* 2852
* 152
2468 198
2202 48
-43 8
+53 24
+36 16
-2 8
+2 8
cfi=(26) /build/glibc-vjB4T1/glibc-2.28/string/../sysdeps/x86_64/multiarch/../strchr.S
cfn=(80) index
calls=8 24 
* 184
* 16
2399 2
-1 3
cfn=(76) expand_dynamic_string_token
calls=1 378 
* 245
+2 1
-3 1
+3 2
+4 9
cfn=(118) open_verify.constprop.12
calls=1 1658 
* 240
+3 2
-3 1
+3 2
+12 4
+46 1
+1 3
-1 1
+1 9
cfn=(124) _dl_map_object_from_fd
calls=1 866 
* 1654
-1 7
+1 21
-1 7
+1 63
cfn=(124)
calls=7 866 
* 12747
* 24
2252 14
cfi=(13)
cfn=(28)
calls=7 79 
* 112
* 14
+2 14
+7 28
+36 84
cfn=(148) open_path
calls=7 2009 
* 2828
+6 7
-6 7
+6 28
659 7
2304 7
659 14
+3 2
2391 14
+28 28
+2 28
2312 7
+14 14
+2 21
+4 14
cfi=(46)
cfn=(152) _dl_load_cache_lookup
calls=7 187 
* 9485
* 7
+2 14
+4 14
+8 21
+23 70
cfn=(118)
calls=7 1658 
* 1704
+4 21
-4 7
+4 14
+1 14
2265 7
+1 14
-1 28
+8 49
-3 24
659 8
2271 8
659 16
+3 7
cfn=(168) cache_rpath.part.11
calls=1 +3 
* 8
2271 24
+14 14
+1 56
659 7
2287 7
659 14
2296 14
+1 19
cfn=(168)
calls=1 665 
* 8
+7 3

fn=(168)
665 2
-11 2
+11 6
+3 2
+8 4

fn=(64)
681 1
+13 3
-13 5
+13 1
-13 1
+13 1
cfi=(24) /build/glibc-vjB4T1/glibc-2.28/elf/dl-hwcaps.c
cfn=(66) _dl_important_hwcaps
calls=1 42 
* 715
+5 1
-5 1
+5 1
cfi=(18)
cfn=(44)
calls=1 50 
* 18
* 1
-1 1
+2 2
+8 2
-1 1
+1 1
-1 3
+4 4
cfi=(18)
cfn=(44)
calls=1 50 
* 18
* 1
* 1
+2 2
+7 1
+8 2
+2 1
+12 1
-23 1
+11 1
+3 1
+9 2
-11 1
+11 1
-8 1
-1 1
+2 1
+4 16
+1 4
-1 12
+1 28
-1 84
+3 8
-8 3
+8 3
-14 6
+10 3
+4 3
-14 3
+6 3
+1 3
-5 3
+1 3
+2 3
+5 3
-3 6
+18 1
-11 1
+6 1
+1 1
+5 2
+2 4
+2 3
+38 4
-19 1
-2 2
+2 2
+21 2
cfi=(13)
cfn=(28)
calls=1 79 
* 16
* 8
cfi=(19)
cfn=(46)
calls=1 128 
* 10
* 1
+5 4
-1 2
+2 56
-1 57
+5 1
cfi=(18)
cfn=(44)
calls=1 50 
* 18
* 1
-1 1
+2 2
+6 7
cfn=(72) fillin_rpath
calls=1 447 
* 628
+3 3
+6 1
+4 7
-37 2

fn=(124)
866 88
+10 8
-10 8
+10 8
-10 24
+10 8
cfi=(28)
cfn=(88)
calls=8 49 
* 64
fi=(36) /build/glibc-vjB4T1/glibc-2.28/elf/../sysdeps/posix/dl-fileid.h
37 24
fe=(23)
876 8
fi=(36)
37 8
cfi=(37) /build/glibc-vjB4T1/glibc-2.28/io/../sysdeps/unix/sysv/linux/wordsize-64/fxstat.c
cfn=(128) _fxstat
calls=8 -4 
* 80
* 16
+4 8
fe=(23)
892 8
fi=(36)
40 8
+1 8
fe=(23)
892 188
+1 88
fi=(36)
49 144
fe=(23)
1406 72
910 16
+24 32
+10 16
+22 32
+32 16
877 8
1001 56
cfi=(16)
cfn=(36)
calls=8 59 
* 2766
* 8
+1 16
+11 16
+5 8
-5 8
+1 8
+5 8
-5 8
+1 8
+2 8
-2 8
+2 16
+1 24
+20 8
-2 8
+10 8
-8 48
+8 16
+97 8
1040 8
1143 8
-97 8
-7 8
1143 8
1034 8
1143 24
-96 114
-1 553
+1 450
+6 16
+5 16
+1 32
+11 160
+5 224
+8 32
+1 32
-1 32
+1 160
+1 64
+2 32
-2 32
+1 32
-1 32
+3 32
-1 32
-2 32
+3 32
+4 64
+1 96
+5 48
-1 24
-14 24
+14 24
+1 120
+10 24
-10 16
-1 8
-14 8
+14 8
+1 40
+10 8
-44 4
+1 2
+46 9
+4 3
+1 6
+1 9
+3 9
+1 3
+3 3
-3 3
+7 15
+6 3
cfi=(29)
cfn=(160) _dl_next_tls_modid
calls=3 51 
* 18
+1 3
-1 3
+1 3
+19 16
+1 16
+1 8
-6 16
+1 24
+16 16
1014 16
1176 16
+10 16
fi=(39) /build/glibc-vjB4T1/glibc-2.28/elf/./dl-map-segments.h
50 16
fe=(23)
1186 8
fi=(39)
56 8
fe=(23)
1186 24
fi=(39)
56 24
fe=(23)
1186 8
fi=(39)
50 8
fe=(23)
1186 16
fi=(39)
56 16
cfi=(38) /build/glibc-vjB4T1/glibc-2.28/misc/../sysdeps/unix/sysv/linux/mmap64.c
cfn=(130) mmap
calls=8 -12 
* 280
+4 24
-4 8
+4 8
+3 16
+1 8
-1 8
+1 8
+2 16
+7 30
cfi=(48)
cfn=(162)
calls=3 +5 
* 15
* 9
+7 16
fi=(40) /build/glibc-vjB4T1/glibc-2.28/elf/./dl-load.h
+10 64
+1 24
+2 64
fi=(39)
+11 128
+6 8
+2 8
-2 8
+1 8
+2 16
-1 16
+3 16
+5 16
+17 16
+12 32
-59 160
+2 144
+2 216
cfi=(38)
cfn=(130)
calls=24 -50 
* 792
* 72
fe=(23)
1198 32
+9 24
fi=(3)
42 16
+6 8
-2 8
+2 16
+15 8
+5 8
+3 8
-1 8
-3 8
-3 196
+10 45
-26 135
+16 163
+10 163
-26 489
+26 8
-26 24
+2 432
+13 212
+2 32
+3 32
+3 32
+2 8
-1 8
+1 24
+8 16
+20 28
+1 32
+1 32
+1 32
+2 32
+5 32
+1 31
+1 32
+5 24
+5 16
+7 16
+1 24
+18 24
+5 8
+2 8
+2 8
+2 8
+3 24
+2 6
+8 4
+5 4
+3 16
fe=(23)
1214 16
+15 24
+19 16
+2 40
+48 24
+1 6
+3 6
cfi=(42)
cfn=(140)
calls=3 26 
* 15
* 10
cfi=(42)
cfn=(140)
calls=5 26 
* 25
* 16
+9 16
+2 32
+2 16
+16 16
cfi=(6)
cfn=(10)
calls=8 940 
* 184
+4 16
+1 16
+17 16
+1 2
+3 2
+5 2
-5 4
+5 2
-5 6
+5 6
-5 12
+5 6
+10 16
+10 24
cfi=(16)
cfn=(48)
calls=8 31 
* 424
+4 24
fi=(39)
123 16
+8 64
cfi=(41) /build/glibc-vjB4T1/glibc-2.28/string/../sysdeps/x86_64/multiarch/memset-vec-unaligned-erms.S
cfn=(136) memset
calls=8 -22 
* 987
+1 32
-42 12
fi=(40)
+4 30
+2 6
-1 12
+1 6
-1 6
+1 6
-1 6
+1 6
-1 12
+3 24
fi=(39)
+43 27
cfi=(38)
cfn=(130)
calls=3 -97 
* 99
+3 9
fe=(23)

fn=(76)
378 6
+10 2
-10 8
+10 2
cfn=(78) _dl_dst_count
calls=2 231 
* 145
+3 4
+12 2
-11 2
+11 8
-11 2
cfi=(27) /build/glibc-vjB4T1/glibc-2.28/string/strdup.c
cfn=(82) strdup
calls=2 40 
* 184

fn=(118)
1658 264
+39 22
-39 44
+39 44
+31 88
cfi=(34) /build/glibc-vjB4T1/glibc-2.28/io/../sysdeps/unix/sysv/linux/open64_nocancel.c
cfn=(120) __open_nocancel
calls=22 37 
* 394
* 22
+2 44
+11 8
+1 8
+5 8
-5 8
+1 8
-1 8
+5 48
cfi=(35) /build/glibc-vjB4T1/glibc-2.28/io/../sysdeps/unix/sysv/linux/read_nocancel.c
cfn=(122) __read_nocancel
calls=8 26 
* 40
+2 16
+2 16
+2 16
+6 16
+16 72
-65 14
1995 198
1775 56
+74 16
+5 16
+2 32
+6 16
+11 16
+6 8
+1 8
-1 24
+1 24
+1 16
+21 32
1735 32
1902 372
+2 180
+13 24
+3 32
+28 48
-3 72
+15 8
+6 12
-3 4
+1 4
+3 4
-3 8
+1 4
-1 4
-1 4
+4 8
1775 8
1991 16
cob=(2) ???
cfi=(17) ???
cfn=(84) 0x0000000004001080
calls=8 0 
* 40
* 8
-43 48
+3 8
-4 8
+4 16
+5 4
+1 8
-36 32

fn=(78)
231 23
+3 23
-3 69
+7 23
-7 23
+3 23
cfi=(26)
cfn=(80)
calls=23 24 
* 714
+3 46
+20 161

fn=(72)
447 7
+2 1
-2 9
+4 3
cfi=(18)
cfn=(74) strsep
calls=1 265 
* 281
* 3
cfi=(18)
cfn=(74)
calls=1 265 
* 7
* 6
+7 2
+2 3
cfn=(76)
calls=1 -82 
* 120
* 1
+4 2
+5 2
cfi=(13)
cfn=(28)
calls=1 79 
* 16
+1 2
+7 6
+9 17
+1 8
+57 2
cob=(2)
cfi=(17)
cfn=(84)
calls=1 0 
* 5
* 1
-39 2
+4 8
cfi=(18)
cfn=(44)
calls=1 50 
* 18
* 1
+2 3
+5 1
+1 2
-2 2
+2 1
cfi=(19)
cfn=(70)
calls=1 115 
* 12
+1 1
+2 1
-3 1
+1 1
+2 1
+6 3
+1 1
-1 1
+1 3
+1 1
-1 3
+1 7
-1 21
+3 1
+1 1
-1 1
+1 1
+8 1
-1 1
+4 3
-65 2
+5 4
+23 2
+43 1
+3 9
-15 2

fn=(148)
2009 56
+1 14
+6 14
+5 91
-7 7
+7 14
-8 7
1432 21
2033 42
+7 21
-12 7
+13 7
-1 7
cfi=(19)
cfn=(70)
calls=7 115 
* 84
* 7
+55 14
-8 35
-46 14
+46 14
-46 28
+3 112
+4 98
cfi=(19)
cfn=(70)
calls=14 115 
* 179
* 56
cfi=(19)
cfn=(70)
calls=14 115 
* 168
+3 28
+3 42
+3 126
cfn=(118)
calls=14 1658 
* 742
+2 28
-2 14
+2 42
+2 16
+89 63
-45 42
-64 84
+85 49
+7 14
-2 7
+2 21
+3 21
-13 14
-38 24
+2 12
-46 12
+25 16
+1 64
+6 16
+2 16
-2 24
+2 16
cfi=(45) /build/glibc-vjB4T1/glibc-2.28/io/../sysdeps/unix/sysv/linux/wordsize-64/xstat.c
cfn=(150) _xstat
calls=8 33 
* 101
+3 8
-3 16
+1 1
+2 1
-2 1
+2 7
-37 2
+37 7
-37 14

fl=(46)
fn=(374)
328 4
-1 1
+3 2
cfi=(48)
cfn=(376)
calls=1 78 
* 5
+1 1
+2 2

fn=(152)
187 63
+8 14
+3 21
+45 18
+6 28
+11 7
-2 21
fi=(47) /build/glibc-vjB4T1/glibc-2.28/elf/../sysdeps/x86/dl-procinfo.h
39 14
+3 21
cfi=(20)
cfn=(54)
calls=7 144 
* 168
* 14
fe=(46)
264 28
cfi=(8)
cfn=(26)
calls=7 373 
* 126
* 7
+23 7
-23 7
+8 7
+15 7
-15 7
+15 888
cfn=(158) _dl_cache_libcmp
calls=69 142 
* 5439
* 418
cfn=(158)
calls=7 142 
* 532
* 42
-15 14
+15 42
-14 14
-1 21
+15 196
+16 14
+4 14
+8 21
cfi=(13)
cfn=(28)
calls=7 79 
* 238
+1 7
-1 42
+1 14
cfi=(19)
cfn=(46)
calls=7 128 
* 110
+1 14
cfi=(27)
cfn=(82)
calls=7 40 
* 600
+1 56
201 4
cfi=(33)
cfn=(154) _dl_sysdep_read_whole_file
calls=1 44 
* 108
* 1
+8 5
+1 7
+7 1
-3 1
+3 3
+3 1
+1 1
-1 1
+1 2
+1 8
fi=(47)
42 14
fe=(46)
262 7

fn=(158)
142 304
+2 1668
+20 820
+2 820
+4 341
-28 341
+29 682
-29 682
+4 14
+8 7
-2 14
+1 14
+1 14
-2 7
+2 7
+2 21
-3 7
+3 7
+2 14
cfn=(159) _dl_cache_libcmp'2
calls=7 -16 
* 49
+9 138

fn=(159)
142 28
+32 21

fl=(11) /build/glibc-vjB4T1/glibc-2.28/elf/../sysdeps/unix/sysv/linux/x86_64/brk.c
fn=(20) brk
31 5
+2 2
+6 1
+1 1

fl=(96) /build/glibc-vjB4T1/glibc-2.28/elf/../sysdeps/x86_64/dl-trampoline.h
fn=(398) _dl_runtime_resolve_xsave
72 25
+3 25
+2 25
+10 25
+6 25
+1 25
+1 25
+1 25
+1 25
+1 25
+1 25
+4 25
+1 25
+3 25
+1 25
+2 25
+1 25
+1 25
+1 25
+1 25
+1 25
+2 25
+7 25
+1 25
+1 25
cfi=(97)
cfn=(400)
calls=25 -60 
* 37464
+1 25
+5 25
+1 25
+1 25
+2 25
+1 25
+1 25
+1 25
+1 25
+1 25
+1 25
+2 25
+2 25
+4 25
+3 25

fn=(399) _dl_runtime_resolve_xsave'2
72 79
+3 79
+2 79
+10 79
+6 79
+1 79
+1 79
+1 79
+1 79
+1 79
+1 79
+4 79
+1 79
+3 79
+1 79
+2 79
+1 79
+1 79
+1 79
+1 79
+1 79
+2 79
+7 79
+1 79
+1 79
cfi=(97)
cfn=(400)
calls=79 -60 
* 82380
+1 79
+5 79
+1 79
+1 79
+2 79
+1 79
+1 79
+1 79
+1 79
+1 79
+1 79
+2 79
+2 79
+4 79
+3 79

fl=(13)
fn=(28)
79 44
+1 44
+1 44
+1 44
+1 44
+1 44
+1 44
+2 44
+2 44
+31 44
+1 44
+1 44
+1 44
+1 44
+1 20
+2 20
+4 24
+1 24
+1 24
+1 24
+1 24
+1 24
+1 24
+1 24
+1 24
+1 24
+1 24
+1 24
+5 186
+74 3
+1 3
+1 3
+1 3
+1 3
+1 3
+1 3
+1 3
+16 3
+2 3
+1 42
+2 3
+1 3
+1 3
+2 3

fl=(33)
fn=(368) _dl_higher_prime_number
337 2
+1 2
+4 16
+1 6
-1 16
+1 7
-1 48
+1 22
-3 14
+18 1
+1 3
-15 2
-4 4
+4 1
-4 3
+18 1
+1 1
-16 2

fn=(116)
282 3680
+1 1472
cfi=(20)
cfn=(54)
calls=736 144 
* 22359
+1 736
-1 1472
+3 736
+2 1472
+4 733
-4 1466
+1 2292
cfi=(20)
cfn=(54)
calls=764 144 
* 26819
* 1528
-5 31
+11 860
-1 705
+1 2820

fn=(154)
44 1
+3 1
-3 3
+3 1
-3 4
+3 1
cfi=(34)
cfn=(120)
calls=1 -10 
* 16
+1 2
+23 7
-21 5
cfi=(37)
cfn=(128)
calls=1 -17 
* 10
* 2
+2 2
+3 2
+13 2
cfi=(42)
cfn=(140)
calls=1 -42 
* 5
* 1
-11 6
cfi=(38)
cfn=(130)
calls=1 -13 
* 35
* 2

fl=(35)
fn=(122)
26 32
+1 8

fl=(14) /build/glibc-vjB4T1/glibc-2.28/elf/../misc/sbrk.c
fn=(30) sbrk
32 4
+8 6
+4 2
+16 5

fl=(43)
fn=(142)
27 7
+4 1

fl=(28)
fn=(92)
74 2

fn=(88)
49 20
+5 18
+5 2
-1 1
+1 2
+1 2
-1 1
+5 1
-14 10
+4 20
+3 1
+1 11

fl=(51) /build/glibc-vjB4T1/glibc-2.28/elf/dl-sort-maps.c
fn=(170) _dl_sort_maps
28 9
+2 8
+4 1
+1 2
-1 2
-1 1
+1 6
+1 1
cfi=(41)
cfn=(136)
calls=1 +74 
* 12
* 9
+4 4
+3 1
-3 2
+1 3
+2 1
-3 40
+3 10
-3 20
+1 30
+2 10
+12 52
+2 30
+1 20
-1 84
+1 56
+33 72
+21 72
-57 72
+61 50
-56 330
+1 246
+6 2
-1 6
+1 4
-1 4
+1 2
-1 6
cfi=(19)
cfn=(46)
calls=2 +63 
* 20
+2 2
+2 14
+8 14
+41 48
cfi=(41)
cfn=(136)
calls=8 -9 
* 111
* 24
-34 14
cfi=(19)
cfn=(46)
calls=2 +44 
* 24
+1 6
+2 2
-2 2
+2 2
+28 1
+7 8

fl=(41)
fn=(136)
109 100
+6 20
+1 20
+1 11
+1 11
+2 3
+1 3
+2 3
+65 8
+1 8
+10 8
+1 8
+1 8
+1 8
+1 8
+1 8
+1 8
+1 8
+1 8
+1 8
+1 8
+1 8
+1 8
+1 8
+2 117
+1 117
+1 117
+1 117
+1 117
+1 117
+1 117
+1 8
+15 9
+1 9
+1 9
+1 3
+1 3
+1 1
+1 1
+24 6
+1 6
+2 6
+3 2
+1 2
+2 2
+3 1
+1 1
+2 1

fl=(92) /build/glibc-vjB4T1/glibc-2.28/elf/dl-init.c
fn=(382) call_init.part.0
36 10
+3 10
-3 20
+3 30
-11 72
+16 36
+5 16
+9 48
cob=(2)
cfi=(17)
cfn=(1076) 0x000000000482b000
calls=1 -58 
* 6
cob=(2)
cfi=(17)
cfn=(886) 0x00000000048d6000
calls=1 -58 
* 6
cob=(2)
cfi=(17)
cfn=(876) 0x00000000049de000
calls=1 -58 
* 6
cob=(2)
cfi=(17)
cfn=(524) 0x0000000004b5b000
calls=1 -58 
* 6
cob=(2)
cfi=(17)
cfn=(470) 0x0000000004b88000
calls=1 -58 
* 6
cob=(2)
cfi=(17)
cfn=(458) 0x0000000004d84000
calls=1 -58 
* 6
cob=(3)
cfi=(103) /build/glibc-vjB4T1/glibc-2.28/csu/../csu/init-first.c
cfn=(434) _init
calls=1 -6 
* 203
cob=(2)
cfi=(17)
cfn=(384) 0x0000000004ba5000
calls=1 -58 
* 6124
* 8
+4 16
+6 8
+2 16
-2 16
+3 40
+1 32
cob=(10)
cfi=(155)
cfn=(1080)
calls=1 -72 
* 11
cob=(9) /usr/lib/x86_64-linux-gnu/libstdc++.so.6.0.25
cfi=(153) ???
cfn=(890) 0x000000000008fb20
calls=1 -72 
* 11
cob=(4) /lib/x86_64-linux-gnu/libm-2.28.so
cfi=(152) ???
cfn=(880) 0x000000000000d320
calls=1 -72 
* 11
cob=(8) /usr/lib/x86_64-linux-gnu/libgomp.so.1.0.0
cfi=(115) ???
cfn=(528) 0x0000000000009b30
calls=1 -72 
* 11
cob=(7)
cfi=(114)
cfn=(474)
calls=1 -72 
* 166
cob=(6)
cfi=(112)
cfn=(462)
calls=1 -72 
* 11
cob=(3)
cfi=(109) /build/glibc-vjB4T1/glibc-2.28/libio/vtables.c
cfn=(448) check_stdfiles_vtables
calls=1 +12 
* 11
cob=(5) /lib/x86_64-linux-gnu/libpthread-2.28.so
cfi=(101) ???
cfn=(422) 0x0000000000006680
calls=1 -72 
* 11
* 64
cob=(9)
cfi=(153)
cfn=(1050) 0x000000000008f9b0
calls=1 -72 
* 49
cob=(9)
cfi=(153)
cfn=(1024) 0x000000000008f8f0
calls=1 -72 
* 49
cob=(9)
cfi=(153)
cfn=(1006) 0x000000000008f870
calls=1 -72 
* 33
cob=(9)
cfi=(153)
cfn=(988) 0x000000000008f7f0
calls=1 -72 
* 33
cob=(9)
cfi=(153)
cfn=(984) 0x000000000008f7b0
calls=1 -72 
* 162
cob=(9)
cfi=(153)
cfn=(982) 0x000000000008f5b0
calls=1 -72 
* 51
cob=(9)
cfi=(153)
cfn=(954) 0x000000000008f4a0
calls=1 -72 
* 74
cob=(9)
cfi=(153)
cfn=(944) 0x000000000008f420
calls=1 -72 
* 1850
cob=(9)
cfi=(153)
cfn=(922) 0x000000000008f400
calls=1 -72 
* 2284
cob=(9)
cfi=(153)
cfn=(896) 0x000000000008f380
calls=1 -72 
* 2591
cob=(8)
cfi=(115)
cfn=(870) 0x0000000000009a50
calls=1 -72 
* 34
cob=(8)
cfi=(115)
cfn=(534) 0x0000000000007fb0
calls=1 -72 
* 102962
cob=(7)
cfi=(114)
cfn=(518)
calls=1 -72 
* 11
cob=(6)
cfi=(113)
cfn=(468)
calls=1 -43 
* 3
cob=(3)
cfi=(110) /build/glibc-vjB4T1/glibc-2.28/string/../sysdeps/x86/cacheinfo.c
cfn=(450) init_cacheinfo
calls=1 488 
* 1704
cob=(5)
cfi=(102) /build/glibc-vjB4T1/glibc-2.28/nptl/../sysdeps/unix/sysv/linux/x86/elision-conf.c
cfn=(428) elision_init
calls=1 +35 
* 2240
* 24
-1 48
+3 54
-29 3
-5 3

fn=(380) _dl_init
79 11
+1 1
+1 1
+3 3
+8 2
+25 1
+1 6
+1 30
-89 47
+88 18
cfn=(382)
calls=9 -82 
* 112875
* 18
+7 8
-95 3
cfn=(382)
calls=1 +6 
* 8435
+57 2

fl=(34)
fn=(120)
37 23
-3 23
+3 138
+8 161
+2 9
-2 42
+2 14

fl=(38)
fn=(130)
44 78
-3 468
+6 78
+5 390
+2 273
-7 24

fl=(19)
fn=(70)
115 52
+1 52
+1 52
+17 52
+1 52
+1 11
+1 11
+5 5
+1 5
+1 5
+1 5
+5 5
280 41
+1 41
+1 16
+1 16
+1 11
+1 11
+1 9
+4 9
+22 25
+1 25
+1 25
+1 25
+1 25
+3 5
+1 5
+1 5
+1 5
+1 5
+3 2
+1 2
+1 2
+1 2
+1 2
+10 6
+1 6
+1 6
+1 6
+2 1
+1 1
+1 1
+1 1
+1 1
+1 1
+1 1
+1 1
+1 1
+1 1
+1 1
+1 1
+1 1
+1 1
+1 1
+1 1
+2 1
+3 5
+1 5
+1 5
+1 5
+1 5
+1 5
+1 5
+1 5
+2 5

fn=(46)
128 49
+6 49
+1 49
+1 36
+1 36
+5 19
+1 19
+1 19
+1 19
+5 19
280 13
+1 13
+1 3
+1 3
+1 1
+1 1
+1 1
+1 1
+1 1
+2 1
+22 10
+1 10
+1 10
+1 10
+1 10
+3 2
+1 2
+1 2
+1 2
+1 2
+17 17
+1 17
+1 16
+1 16
+2 4
+1 4
+1 4
+1 4
+1 4
+1 4
+1 4
+1 4
+1 4
+1 4
+1 4
+1 4
+1 4
+1 4
+1 4
+1 4
+2 4
+3 12
+1 12
+1 12
+1 12
+1 12
+1 12
+1 12
+1 12
+2 12
+3 1
+1 1
+2 1
+3 1
+1 1
+1 1
+1 1
+1 1
+2 1
+1 1
+3 1
+1 1
+2 1
+2 1
+2 1
+2 1
+8 1
+1 1
+1 1
+1 1
+1 1
+1 1
+1 1
+1 1
+1 1
+1 1
+1 1
+1 1
+1 1
-12 2
+1 2
+1 2
+1 2
+1 2
+1 2
+1 2
+1 2
+1 2
+1 2
+1 2
+1 2
+1 2
+2 1
+1 1
+1 1
+1 1
+2 1
+2 1

fl=(15)
fn=(34)
29 3
+3 10
+13 46
-13 138
+2 96
+1 14
+5 2
-3 2
+3 2
+2 2
+7 1

fl=(26)
fn=(80)
24 31
+1 31
+1 31
+1 31
+1 31
+1 31
+1 31
+1 31
+1 31
+1 31
+1 31
+1 31
+1 31
+1 31
+1 31
+1 31
+1 31
+1 25
+4 25
+1 25
+1 25
+1 25
+2 25
+4 6
+1 6
+1 6
+1 6
+1 6
+1 6
+1 6
+1 6
+1 6
+1 6
+1 6
+1 6
+1 6
+1 6
+1 6
+1 6
+1 6
+1 6
+1 6
+1 6
+1 6
+1 6
+1 6
+1 7
+5 1
+1 1
+3 1
+1 1
+1 1
+1 1
+1 1
+1 1
+1 1
+1 1
+1 1
+1 1
+1 1
+1 1
+1 1
+1 1
+1 1
+1 1
+1 1
+1 1
+2 1
+1 1
+2 1
+1 1
+1 1
+1 1
+1 1
+1 1
+1 1
+1 1
+2 1
+1 1
+1 1
+1 1
+1 1
+1 1
+1 1
+1 1
+1 1
+1 1
+3 1
+4 1
+1 1
+1 1
+1 1
+2 1
-9 5
+4 5
+1 5
+1 5
+1 5
+2 5

fl=(20)
fn=(54)
144 3878
+1 3878
+2 3878
+1 3878
+21 3878
+1 3878
+1 3031
+1 3031
+1 2612
+1 2612
+1 2612
+1 2612
+21 2612
+1 2612
+1 2612
+1 2612
+1 2612
+1 2612
+1 2612
+5 62
+1 62
+9 62
+1 62
+1 62
+1 62
+1 62
+1 62
+1 62
+1 62
-7 1266
+1 1266
+1 1266
+1 1266
+1 1266
+1 1266
+1 1266
+1 1266
+1 634
+1 477
+1 477
+1 477
+2 477
+1 477
+1 477
+1 477
+1 477
+1 477
-5 157
+1 157
+1 157
+1 157
+1 157
+1 157
+10 694
+1 694
+1 694
+2 694
+6 694
+1 694
+1 694
+1 694
+1 694
+5 694
+2 682
+1 682
+1 1364
+8 682
+1 682
+3 682
+1 682
+1 682
+1 682
+1 682
+1 682
-9 18
+1 18
+3 18
+1 18
+1 18
+1 18
+1 18
+1 18
+6 30
+1 30
+1 30
+3 30
+1 30
+1 30
+1 30
+1 30
+1 30
+5 18
+1 18
+9 20
+1 20
+1 20
+1 20
+1 20
+2 20
+1 20
+1 20
+1 20
+1 20
+1 20
+1 20
447 4
+1 4
+1 4
+1 4
+1 4
+2 4
+1 4
+1 4
+1 4
+1 4
+1 4
+1 4
+1 4
+3 4
+1 4
+1 4
+6 4
+1 4
+1 8
+4 4
+1 4
+3 4
+1 4
+1 4
+3 4
+1 4
+1 4
+6 4
+1 4
+1 4
+1 4
+1 4
+1 4
+72 41
+1 41
+1 41
+1 41
+1 41
+2 41
+1 41
+1 41
+1 41
+1 41
+1 41
+1 41
+1 9
+4 9
+1 9
+1 9
+6 9
+1 9
+1 18
+4 9
+1 9
+3 9
+1 9
+1 9
+3 9
+1 9
+1 9
+6 9
+1 9
+1 9
+1 9
+1 9
+1 9
+72 70
+1 70
+1 70
+1 70
+1 70
+2 70
+1 70
+1 70
+1 70
+1 70
+1 70
+1 70
+1 6
+4 6
+1 6
+1 6
+6 6
+1 6
+1 12
+4 6
+1 6
+3 6
+1 6
+1 6
+3 6
+1 6
+1 6
+6 6
+1 6
+1 6
+1 6
+1 6
+1 6
+72 6
+1 6
+1 6
+1 6
+1 6
+2 6
+1 6
+1 6
+1 6
+1 6
+1 6
+1 6
+1 4
+4 4
+1 4
+1 4
+6 4
+1 4
+1 8
+4 4
+1 4
+3 4
+1 4
+1 4
+3 4
+1 4
+1 4
+6 4
+1 4
+1 4
+1 4
+1 4
+1 4
+72 7
+1 7
+1 7
+1 7
+1 7
+2 7
+1 7
+1 7
+1 7
+1 7
+1 7
+1 7
+1 3
+4 3
+1 3
+1 3
+6 3
+1 3
+1 6
+4 3
+1 3
+3 3
+1 3
+1 3
+3 3
+1 3
+1 3
+6 3
+1 3
+1 3
+1 3
+1 3
+1 3
+72 18
+1 18
+1 18
+1 18
+1 18
+2 18
+1 18
+1 18
+1 18
+1 18
+1 18
+1 18
+1 17
+4 17
+1 17
+1 17
+6 17
+1 17
+1 34
+4 17
+1 17
+3 17
+1 17
+1 17
+3 17
+1 17
+1 17
+6 17
+1 17
+1 17
+1 17
+1 17
+1 17
+7 1
+1 1
+2 1
+1 1
+2 1
+1 1
+1 1
+3 1
+1 1
+1 1
+6 1
+1 1
+1 1
+1 1
+1 1
+1 1
+41 7
+1 7
+1 7
+1 7
+1 7
+2 7
+1 7
+1 7
+1 7
+1 7
+1 7
+1 7
+1 4
+4 4
+1 4
+1 4
+6 4
+1 4
+1 8
+4 4
+1 4
+3 4
+1 4
+1 4
+3 4
+1 4
+1 4
+6 4
+1 4
+1 4
+1 4
+1 4
+1 4
+72 61
+1 61
+1 61
+1 61
+1 61
+2 61
+1 61
+1 61
+1 61
+1 61
+1 61
+1 61
+1 35
+4 35
+1 35
+1 35
+6 35
+1 35
+1 70
+4 35
+1 35
+3 35
+1 35
+1 35
+3 35
+1 35
+1 35
+6 35
+1 35
+1 35
+1 35
+1 35
+1 35
+72 51
+1 51
+1 51
+1 51
+1 51
+2 51
+1 51
+1 51
+1 51
+1 51
+1 51
+1 51
+1 28
+4 28
+1 28
+1 28
+6 28
+1 28
+1 56
+4 28
+1 28
+3 28
+1 28
+1 28
+3 28
+1 28
+1 28
+6 28
+1 28
+1 28
+1 28
+1 28
+1 28
+72 70
+1 70
+1 70
+1 70
+1 70
+2 70
+1 70
+1 70
+1 70
+1 70
+1 70
+1 70
+1 38
+4 38
+1 38
+1 38
+6 38
+1 38
+1 76
+4 38
+1 38
+3 38
+1 38
+1 38
+3 38
+1 38
+1 38
+6 38
+1 38
+1 38
+1 38
+1 38
+1 38
+72 204
+1 204
+1 204
+1 204
+1 204
+2 204
+1 204
+1 204
+1 204
+1 204
+1 204
+1 204
+1 21
+4 21
+1 21
+1 21
+6 21
+1 21
+1 42
+4 21
+1 21
-1 1
+1 1
+3 22
+1 22
+1 22
+3 22
+1 22
+1 22
+6 22
+1 22
+1 22
+1 22
+1 22
+1 22
+7 1
+1 1
+2 1
+1 1
+2 1
+1 1
+1 1
+3 1
+1 1
+1 1
+6 1
+1 1
+1 1
+1 1
+1 1
+1 1
+7 1
+1 1
+1 1
+32 8
+1 8
+1 8
+1 8
+1 8
+2 8
+1 8
+1 8
+1 8
+1 8
+1 8
+1 8
+1 6
+4 6
+1 6
+1 6
+6 6
+1 6
+1 12
+4 6
+1 6
+3 6
+1 6
+1 6
+3 6
+1 6
+1 6
+6 6
+1 6
+1 6
+1 6
+1 6
+1 6
+72 32
+1 32
+1 32
+1 32
+1 32
+2 32
+1 32
+1 32
+1 32
+1 32
+1 32
+1 32
+1 11
+4 11
+1 11
+1 11
+6 11
+1 11
+1 22
+4 11
+1 11
+3 11
+1 11
+1 11
+3 11
+1 11
+1 11
+6 11
+1 11
+1 11
+1 11
+1 11
+1 11
+7 1
+1 1
+2 1
+1 1
+2 1
+1 1
+1 1
+3 1
+1 1
+1 1
+6 1
+1 1
+1 1
+1 1
+1 1
+1 1
+13 1
+1 1
+1 1
+1 1
+7 1
+1 1
+1 1
+16 35
+1 35
+1 35
+1 35
+1 35
+2 35
+1 35
+1 35
+1 35
+1 35
+1 35
+1 35
+2 23
+4 23
+1 23
+1 23
+6 23
+1 23
+2 46
+4 23
+1 23
+3 23
+1 23
+1 23
+3 23
+1 23
+1 23
+6 23
+1 23
+1 23
+1 23
+1 23
+1 23
+7 2
+1 2
+2 2
+1 2
+2 2
+1 2
+1 2
+3 2
+1 2
+1 2
+6 2
+1 2
+1 2
+1 2
+1 2
+1 2
+43 891
+2 891
+1 891
+1 891
+1 891
-3 437
+1 437
+1 437
+1 437
+1 954
+5 477
+6 477
+1 477
+8 477
+1 477
-16 3401
+6 3401
+1 3401
+8 3401
+1 3401

fl=(29)
fn=(182)
135 5
+6 3
+3 2
+36 3
+2 2
-2 1
-2 1
-40 1
-1 1
-1 2
+69 6
+3 3
-3 3
+3 3
-3 12
+2 6
+10 3
-12 3
-25 18
+2 4
+3 3
-1 3
+5 6
-5 3
+1 3
-1 3
+3 6
+2 9
+12 5
+19 1
+1 1
+51 1
+1 6

fn=(370)
437 8
+1 2
+4 1
+6 1
-6 1
+6 2
+12 1
-15 1
-1 2
+21 6
+9 9
+1 6
+6 9
+1 3
+2 3
-2 3
+6 3
-4 6
+4 3
-4 6
+1 3
+2 6
+4 6
+1 12
+2 6
+1 3
+12 3
-12 3
+12 3
-3 3
+3 3
cfi=(19)
cfn=(70)
calls=3 115 
* 38
* 15
cfi=(41)
cfn=(136)
calls=3 109 
* 78
* 3
-42 12
+6 8
+50 2
+3 9

fn=(90)
113 2
+1 2

fn=(186) allocate_dtv
278 1
+8 1
-8 3
+7 2
+1 2
cfi=(18)
cfn=(40)
calls=1 92 
* 27
* 1
+1 2
+3 1
+6 3
+6 4

fn=(302)
887 12
+9 3
-3 3
+4 3
+4 15
+41 9
+1 3
+1 12

fn=(160)
51 12
+48 3
+4 3

fn=(404) _dl_get_tls_static_info
309 2
+1 2
+1 1

fn=(184)
332 4
+2 1
+11 1
+1 2
cfi=(18)
cfn=(44)
calls=1 50 
* 78
* 1
+1 3
+8 4
+1 1
+4 297
+19 1
+2 2
cfn=(186)
calls=1 278 
* 47
+1 2
+3 5

fl=(53)
fn=(188)
148 100
+15 10
-15 20
+15 10
+1 50
+6 20
+6 50
-18 20
+22 20
+7 40
+44 10
fi=(5)
76 10
fe=(53)
231 20
fi=(5)
76 30
+6 18
+4 27
+14 9
-8 9
+8 18
+20 18
+11 36
fe=(53)
258 348
-99 18
fi=(5)
479 27
fe=(53)
159 18
fi=(4)
47 9
-1 9
+2 9
-1 9
+11 18
fe=(53)
258 1
-99 2
fi=(5)
479 3
fe=(53)
159 2
fi=(4)
47 1
-1 1
+2 1
-1 1
+11 2
-11 10
-1 10
+2 10
-1 10
+11 20
-7 9
-1 9
+11 36
fi=(5)
549 2170
+4 2170
+3 3255
+1 1085
fi=(4)
61 3441
+2 4596
+2 194
-4 6
+13 18
+1 8
+1 128
fi=(5)
549 64
+26 64
-1 128
-25 64
+26 128
+1 64
cob=(4)
cfi=(86) /build/glibc-vjB4T1/glibc-2.28/math/../sysdeps/x86_64/fpu/multiarch/ifunc-sse4_1.h
cfn=(366) trunc
calls=1 29 
* 6
cob=(4)
cfi=(83) /build/glibc-vjB4T1/glibc-2.28/math/../sysdeps/x86_64/fpu/multiarch/ifunc-avx-fma4.h
cfn=(362) sin
calls=1 33 
* 8
cob=(4)
cfi=(83)
cfn=(358) __atan2_finite
calls=1 33 
* 8
cob=(4)
cfi=(86)
cfn=(356) truncf
calls=1 29 
* 6
cob=(4)
cfi=(82) /build/glibc-vjB4T1/glibc-2.28/math/../sysdeps/x86_64/fpu/multiarch/ifunc-fma.h
cfn=(354) exp2f@@GLIBC_2.27
calls=1 30 
* 8
cob=(4)
cfi=(87) /build/glibc-vjB4T1/glibc-2.28/math/../sysdeps/x86_64/fpu/multiarch/ifunc-fma4.h
cfn=(350) __asin_finite
calls=1 32 
* 8
cob=(4)
cfi=(86)
cfn=(348) floor
calls=1 29 
* 6
cob=(4)
cfi=(86)
cfn=(346) floorf
calls=1 29 
* 6
cob=(4)
cfi=(82)
cfn=(344) sinf
calls=1 30 
* 8
cob=(4)
cfi=(87)
cfn=(340) __acos_finite
calls=1 32 
* 8
cob=(4)
cfi=(86)
cfn=(338) rintf
calls=1 29 
* 6
cob=(4)
cfi=(83)
cfn=(334) __log_finite
calls=1 33 
* 8
cob=(4)
cfi=(82)
cfn=(332) log2f@@GLIBC_2.27
calls=1 30 
* 8
cob=(4)
cfi=(87)
cfn=(328) __pow_finite
calls=1 32 
* 8
cob=(4)
cfi=(86)
cfn=(326) ceil
calls=1 29 
* 6
cob=(4)
cfi=(86)
cfn=(324) ceilf
calls=1 29 
* 6
cob=(4)
cfi=(82)
cfn=(322) powf@@GLIBC_2.27
calls=1 30 
* 8
cob=(4)
cfi=(82)
cfn=(320) sincosf
calls=1 30 
* 8
cob=(4)
cfi=(86)
cfn=(318) rint
calls=1 29 
* 6
cob=(4)
cfi=(82)
cfn=(316) logf@@GLIBC_2.27
calls=1 30 
* 8
cob=(4)
cfi=(83)
cfn=(312) cos
calls=1 33 
* 8
cob=(4)
cfi=(82)
cfn=(310) expf@@GLIBC_2.27
calls=1 30 
* 8
cob=(4)
cfi=(83)
cfn=(306) __exp_finite
calls=1 33 
* 8
cob=(4)
cfi=(82)
cfn=(304) cosf
calls=1 30 
* 8
cob=(3)
cfi=(81) /build/glibc-vjB4T1/glibc-2.28/time/../sysdeps/unix/sysv/linux/x86/gettimeofday.c
cfn=(296) gettimeofday
calls=1 42 
* 81
cob=(3)
cfi=(58) /build/glibc-vjB4T1/glibc-2.28/string/../sysdeps/x86_64/multiarch/ifunc-strcasecmp.h
cfn=(292) strncasecmp_l
calls=1 32 
* 6
cob=(3)
cfi=(61)
cfn=(290) strchrnul
calls=1 32 
* 8
cob=(3)
cfi=(56) /build/glibc-vjB4T1/glibc-2.28/string/../sysdeps/x86_64/multiarch/ifunc-unaligned-ssse3.h
cfn=(286) stpcpy
calls=1 33 
* 5
cob=(3)
cfi=(56)
cfn=(282) stpncpy
calls=1 33 
* 5
cob=(3)
cfi=(71) /build/glibc-vjB4T1/glibc-2.28/string/../sysdeps/x86_64/multiarch/ifunc-sse4_2.h
cfn=(280) strspn
calls=1 30 
* 6
cob=(3)
cfi=(65) /build/glibc-vjB4T1/glibc-2.28/wcsmbs/../sysdeps/x86_64/multiarch/ifunc-avx2.h
cfn=(278) wcslen
calls=1 32 
* 8
cob=(3)
cfi=(61)
cfn=(276) memchr
calls=1 32 
* 8
cob=(3)
cfi=(58)
cfn=(272) strcasecmp_l
calls=1 32 
* 6
cob=(3)
cfi=(61)
cfn=(270) memrchr
calls=1 32 
* 8
cob=(3)
cfi=(61)
cfn=(268)
calls=1 32 
* 8
cob=(3)
cfi=(76) /build/glibc-vjB4T1/glibc-2.28/string/../sysdeps/x86_64/multiarch/strchr.c
cfn=(266) index
calls=1 40 
* 8
cob=(3)
cfi=(71)
cfn=(264) strpbrk
calls=1 30 
* 6
cob=(3)
cfi=(75) /build/glibc-vjB4T1/glibc-2.28/wcsmbs/../sysdeps/x86_64/multiarch/ifunc-wmemset.h
cfn=(262) wmemset
calls=2 32 
* 26
cob=(3)
cfi=(74) /build/glibc-vjB4T1/glibc-2.28/wcsmbs/../sysdeps/x86_64/multiarch/wcsnlen.c
cfn=(260) wcsnlen
calls=1 40 
* 7
cob=(3)
cfi=(55) /build/glibc-vjB4T1/glibc-2.28/string/../sysdeps/x86_64/multiarch/ifunc-memmove.h
cfn=(258) memcpy@@GLIBC_2.14
calls=1 45 
* 16
cob=(3)
cfi=(56)
cfn=(254) strcpy
calls=1 33 
* 5
cob=(3)
cfi=(58)
cfn=(250) strncasecmp
calls=1 32 
* 6
cob=(3)
cfi=(71)
cfn=(248) strcspn
calls=1 30 
* 6
cob=(3)
cfi=(61)
cfn=(246) strnlen
calls=2 32 
* 16
cob=(3)
cfi=(65)
cfn=(244) wcschr
calls=2 32 
* 16
cob=(3)
cfi=(70)
cfn=(242)
calls=1 42 
* 18
cob=(3)
cfi=(69)
cfn=(240)
calls=1 41 
* 8
cob=(3)
cfi=(68) /build/glibc-vjB4T1/glibc-2.28/string/../sysdeps/x86_64/multiarch/strncmp.c
cfn=(238) strncmp
calls=1 41 
* 8
cob=(3)
cfi=(66)
cfn=(234)
calls=1 33 
* 13
cob=(3)
cfi=(55)
cfn=(232) mempcpy
calls=1 45 
* 16
cob=(3)
cfi=(65)
cfn=(230) wcscmp
calls=1 32 
* 8
cob=(3)
cfi=(65)
cfn=(228) wmemchr
calls=2 32 
* 16
cob=(3)
cfi=(61)
cfn=(226) rawmemchr
calls=1 32 
* 8
cob=(3)
cfi=(62) /build/glibc-vjB4T1/glibc-2.28/time/../sysdeps/unix/sysv/linux/x86/time.c
cfn=(220) time
calls=1 43 
* 81
cob=(3)
cfi=(61)
cfn=(218) rindex
calls=1 32 
* 8
cob=(3)
cfi=(56)
cfn=(214) strcat
calls=1 33 
* 5
cob=(3)
cfi=(58)
cfn=(210) strcasecmp
calls=1 32 
* 6
cob=(3)
cfi=(56)
cfn=(206) strncpy
calls=1 33 
* 5
cob=(3)
cfi=(55)
cfn=(204) memmove
calls=2 45 
* 32
fi=(4)
75 64
fi=(5)
577 64
fi=(4)
75 134
fe=(53)
258 4
fi=(4)
75 36
fe=(53)
258 36
+3 40
+24 10
+3 20
+17 20
177 20
fi=(4)
-93 11
+2 11
+12 11
-12 11
-3 22
+15 22
+10 18
+10 6
+3 20
+3 20
-73 9
-1 9
fi=(5)
489 27
fi=(4)
127 13108
+9 6554
+2 3277
-2 6554
+3 3277
-2 3277
+2 6554
-2 9831
fi=(5)
276 6554
+21 6554
+4 6554
+7 13108
fi=(54) /build/glibc-vjB4T1/glibc-2.28/elf/../sysdeps/generic/ldsodefs.h
109 9768
fi=(5)
308 46462
fi=(4)
138 2044
fi=(5)
308 2044
fi=(4)
138 2044
fi=(5)
308 2044
fi=(4)
138 2044
fi=(5)
308 4088
fi=(4)
138 1
fi=(5)
308 1
fi=(4)
138 1
fi=(5)
308 1
fi=(4)
138 1
fi=(5)
308 24542
cfi=(6)
cfn=(196)
calls=2045 791 
* 1688783
* 12270
+1 9768
+24 19662
456 9741
+1 3247
fi=(4)
124 9831
+19 45
fi=(5)
495 3
+4 6
cfi=(19)
cfn=(46)
calls=1 128 
* 68
+2 3
+1 1
-74 72
+4 96
+5 24
+9 24
-9 48
+9 48
-72 6
+11 2
-9 4
+9 4
-19 6
+1 12
fi=(4)
111 27
+1 9
fi=(5)
533 9
fi=(4)
112 9
fi=(5)
533 18
fi=(4)
112 2098
fi=(5)
533 2098
fi=(4)
112 2098
fi=(5)
533 4196
+5 4214
+1 2107
fi=(4)
111 2107
fi=(5)
539 4214
fi=(4)
111 4214
+7 27
-67 1
160 5
+2 20
+9 15
-1 30
fi=(5)
276 10
+21 10
+4 10
+7 20
fi=(54)
109 15
fi=(5)
308 165
cfi=(6)
cfn=(196)
calls=5 791 
* 3905
* 35
+1 15
+24 30
-25 42
+1 3319
+3 3256
-3 3256
+3 6512
-4 29
+1 12940
561 60
fe=(53)
306 20
cfn=(300) _dl_protect_relro
calls=10 +7 
* 260
+1 80
fi=(5)
124 36
-2 18
fe=(53)
258 3
fi=(5)
+50 11533
456 15
+1 5
fi=(4)
160 16
+14 3
fi=(5)
309 2
+3 2
-3 2
+3 4
-3 8
-1 15242
fe=(53)

fn=(300)
313 40
+3 10
-3 10
+3 10
-3 10
+3 10
+4 20
-8 10
+9 50
cfi=(48)
cfn=(162)
calls=10 78 
* 50
* 20
+6 20

fl=(37)
fn=(128)
33 9
+1 18
+1 54
+4 9

fl=(6)
fn=(196)
791 21540
556 2154
791 8616
556 6462
-1 4308
+2 2154
-1 2154
+1 6462
-1 6462
+1 89192
-1 89192
+1 267576
-1 269730
793 2154
+4 2154
-4 2154
+1 4308
+7 8546
+5 10770
+6 4308
-7 23694
+15 96
-8 144
+2 28002
cfn=(198) do_lookup_x
calls=2154 339 
* 864743
+3 10722
+25 4308
+24 17040
+40 8520
+14 6390
+3 6390
+5 4260
+2 19434
-86 144
+17 24
+1 48
+59 2

fn=(10)
940 30
+2 10
+2 20
+2 10
-1 10
+3 30
+1 10
+4 10
-3 10
+7 10
-7 10
+3 10
-1 10
+3 10
+2 10
-7 10
+7 10
+1 10

fn=(200) check_match
75 19242
+3 14926
+13 17040
+3 4539
cfi=(20)
cfn=(54)
calls=93 +50 
* 4858
* 186
+4 2130
+1 4260
+2 4238
+19 4238
+1 16952
+46 2127
-84 2127
+84 10635
-18 22
+2 22
+1 11
-1 22
+1 33
-1 22
+4 6
+1 21
+2 9
+2 3
+7 66
-45 6357
cfi=(20)
cfn=(54)
calls=2119 +22 
* 67585
* 4238
-44 32
+82 16

fn=(198)
339 15078
+1 2154
-1 8616
+6 2154
-6 4308
+7 2154
+41 2154
+35 4308
-35 2154
+35 2154
-35 2154
+35 4308
-51 22122
+8 7374
-4 7374
+1 7374
+3 14748
+1 22122
+3 7374
+1 14748
+7 14748
-3 14748
-2 7374
+5 22122
+3 51618
271 5244
541 40116
+1 954
cfi=(33)
cfn=(116)
calls=477 282 
* 43701
* 1431
+3 15735
350 14750
+3 14750
+4 29506
+4 14748
+4 14748
+88 4260
fi=(54)
109 6390
fe=(6)
504 4260
+3 10972
398 6612
-1 4408
+2 4408
+2 2186
+6 8744
-6 2186
+6 15302
+7 8751
-10 25220
+2 4276
+1 4276
-1 2138
+1 2138
+1 2138
-1 2138
-1 2138
+1 2138
+1 2138
-1 19242
cfn=(200)
calls=2138 75 
* 185963
+4 6436
548 24
+1 512
-38 4368
+12 4016
+1 2008
+25 2008
-24 2008
+24 14056
204 244
-1 122
+3 244
-2 122
+2 244
+2 122
-2 366
cfi=(2)
cfn=(50)
calls=122 785 
* 244
+2 122
+1 122
+1 244
-2 122
+2 122
+2 605
+1 484
-1 121
+1 2035
+23 426
+3 132
+1 396
-24 1012
+1 80
cfi=(20)
cfn=(54)
calls=40 -73 
* 2683
* 80
+2 200
+13 80
cfi=(2)
cfn=(52)
calls=40 791 
* 80
530 80
-85 121
+4 3
-2 6
244 972
+61 1394
+13 492
+5 164
cfi=(2)
cfn=(52)
calls=82 791 
* 164
+2 164
+1 82
-1 82
549 82
-19 82
+19 574
181 518
-2 84
+1 252
-3 332
+7 82
+1 82
+1 82
+1 82
313 328
+3 66
-75 264
+46 2
+9 4
cfi=(18)
cfn=(40)
calls=1 92 
* 27
* 1
* 1
+1 2
+3 1
+2 1
-7 1
+6 1
-6 1
+7 298
-51 6
cfi=(33)
cfn=(368)
calls=2 +86 
* 151
+2 4
-2 2
+2 2
cfi=(18)
cfn=(40)
calls=2 92 
* 54
* 2
* 2
+1 8
+7 292
+1 276
+1 70
-88 70
+88 140
-88 70
+88 70
-88 70
+1 70
-1 70
+1 210
+1 440
+2 14
+1 42
-3 168
+7 70
+1 70
+1 70
+1 140
-6 10
+86 16
cfi=(18)
cfn=(86) free
calls=2 111 
* 8
+1 2
+2 2
+1 2
-1 2
+1 4
-20 14893
-22 120
+1 120

fl=(27)
fn=(82)
40 36
+1 9
cfi=(13)
cfn=(28)
calls=9 +38 
* 314
* 9
+1 18
cfi=(18)
cfn=(44)
calls=9 +8 
* 162
* 9
+2 18
+4 9
-1 27
+1 18
-1 9
cfi=(19)
cfn=(46)
calls=9 +81 
* 146

fl=(22)
fn=(62)
78 4
+1 1

fl=(44)
fn=(144)
159 1
+1 3
-1 2
+1 1
-1 1
+1 1
-1 5
+1 1
-8 1
+7 1
+1 1
-1 1
+1 1
-8 2
-6 1
+6 1
+8 1
-15 1
-1 1
+2 1
+6 1
+24 3
-28 3
-2 1
+31 1
-33 2
+2 2
-2 1
+2 1
-1 1
+1 1
+6 4
+24 7
+4 1
+20 1
fi=(49) /build/glibc-vjB4T1/glibc-2.28/elf/../include/scratch_buffer.h
78 1
fe=(44)
180 1
fi=(49)
77 4
fe=(44)
198 1
+89 1
-89 1
303 1
200 1
303 1
-94 1
+4 1
-4 1
+4 2
-4 9
+4 9
-4 9
+4 18
+11 26
-18 2
+18 2
433 20
+2 24
+3 24
cfi=(18)
cfn=(44)
calls=8 50 
* 144
* 8
* 8
+1 16
+6 8
+1 40
cfi=(19)
cfn=(46)
calls=8 128 
* 88
+1 48
cfi=(19)
cfn=(46)
calls=8 128 
* 88
+4 8
-1 8
+5 67
226 8
+11 8
-5 8
-6 16
+5 8
+2 16
+1 16
+3 32
-31 8
+31 8
+66 24
-55 63
-2 21
+2 21
cfi=(31)
cfn=(108)
calls=21 -73 
* 48678
* 21
+1 42
+9 21
+2 42
+5 8
+6 8
+2 8
-8 16
+3 8
+1 8
+1 8
+1 8
+4 40
+4 42
+1 60
-43 904
+1 452
+6 84
cfi=(23)
cfn=(78)
calls=21 -13 
* 960
* 105
+38 615
fi=(49)
85 5
fe=(44)
464 6
+4 5
+11 4
cfi=(18)
cfn=(44)
calls=1 50 
* 18
* 1
* 1
+2 2
+5 2
+3 1
-3 4
+1 1
+2 2
+2 30
+4 40
+4 10
-10 30
+13 2
+51 3
+2 4
+35 6
cfi=(19)
cfn=(46)
calls=1 128 
* 26
+4 5
cfi=(51)
cfn=(170)
calls=1 28 
* 1572
+3 1
+2 2
+1 1
+1 2
+7 3
+3 2
+3 8
458 27
-1 10
+1 21
199 2
465 2
214 67
fi=(49)
-83 8
fe=(44)
+86 8
fi=(49)
-86 16
cfi=(50) /build/glibc-vjB4T1/glibc-2.28/malloc/scratch_buffer_set_array_size.c
cfn=(166) __libc_scratch_buffer_set_array_size
calls=8 -97 
* 136
fe=(44)
+86 16
+4 16
554 2
380 18

fn=(146)
61 42
+7 21
-4 42
+1 21
-1 42
+1 21
-1 105
cfi=(23)
cfn=(114)
calls=21 2157 
* 47271
* 21
+5 42

fl=(50)
fn=(166)
34 8
-4 8
+4 8
-4 8
+1 16
+4 8
-5 16
+5 8
+11 8
-1 16
+18 32

fl=(18)
fn=(44)
50 219
+11 108
+3 54
-3 54
+3 108
-3 2
+3 1
-3 1
+3 210
-15 9
+20 12
+1 6
+2 6
+1 21
cfi=(38)
cfn=(130)
calls=3 -29 
* 105
+2 6
+2 9
+2 3
+3 3
-3 6
+4 3
+2 15
-2 52
+2 52
-3 52
+3 52
-29 1
-1 1
+1 1
+1 2
-2 2

fn=(86)
111 44

fn=(74)
265 6
+2 2
+1 4
+4 47
+7 112
-2 56
+13 1
+4 2
-7 14
-15 44

fn=(40)
92 23
+4 23
+4 23
-1 46
+1 46
+3 23
cfn=(44)
calls=23 -53 
* 540
* 23

fl=(1) ???
fn=(0) 0x0000000000001090
0 2
cfi=(2)
cfn=(2)
calls=1 445 
0 2153797
0 14
cfi=(92)
cfn=(380)
calls=1 79 
0 121461
0 3
cob=(11) /home/theodora/Desktop/PrimeNumbers_TwinPrimeNumbers/primes_exe
cfi=(156) ???
cfn=(1088) _start
calls=1 0 
0 1509260453

fl=(24)
fn=(66)
42 4
+1 1
-1 6
+1 1
-1 1
+1 1
-1 1
+1 2
-1 1
+1 1
cfi=(8)
cfn=(26)
calls=1 373 
* 18
* 1
+2 1
+1 2
-1 1
+1 1
+9 1
-12 1
+12 5
+1 6
+1 2
-1 1
-1 12
+10 3
190 3
-5 1
+5 4
-4 10
fi=(25) /build/glibc-vjB4T1/glibc-2.28/elf/../sysdeps/x86/dl-hwcap.h
57 6
fe=(24)
188 1
+1 1
cfi=(13)
cfn=(28)
calls=1 79 
* 16
+1 3
-1 1
+1 1
-5 1
+5 4
-5 2
-37 2
+1 1
-1 6
+37 2
+8 3
+2 1
+1 2
+1 4
+3 1
+1 1
-1 1
+4 2
+3 4
+4 8
+1 2
+18 10
+1 2
-1 1
+1 2
cfi=(18)
cfn=(44)
calls=1 50 
* 18
* 1
+1 4
-1 1
+1 1
+31 12
+3 4
+7 2
+10 8
-4 2
-3 1
+6 1
-3 1
cfi=(19)
cfn=(70)
calls=1 115 
* 16
* 2
-3 1
+6 1
-3 1
cfi=(19)
cfn=(70)
calls=1 115 
* 16
* 4
+3 4
+1 12
+1 5
cfi=(19)
cfn=(70)
calls=1 115 
* 14
* 2
-2 2
+5 6
cfi=(19)
cfn=(70)
calls=2 115 
* 28
* 4
+2 6
-7 3
+13 1
-1 1
+1 2
-1 2
+1 7
-1 7
+1 14
-1 16
+5 7
+3 2
-3 8
+3 10
+1 48
+1 24
-1 24
+1 24
-1 24
-1 27
+4 6
+3 1
+2 2
-1 1
-1 1
+2 1
-2 1
+2 2
-1 1
+1 2
+3 2
+3 2
-6 2
+2 6
+3 1
+1 2
-6 5
+13 8
+1 1
-1 2
+3 2
-3 3
+1 3
-1 6
+3 6
+3 3
+3 9
185 5
+29 1
+1 3
+1 3
-1 2
+2 2
+4 1
+3 3

fl=(45)
fn=(150)
33 8
+1 16
+1 48
+4 1
-4 28

fl=(7)
fn=(372)
260 1

fn=(12)
88 8
+25 1
-1 1
+1 154
+6 1
-3 1
+1 1
-4 1
+3 1
+3 8
-29 1
-1 2
+30 1
+1 1
-1 18
+1 108
-1 107
+62 1
+1 1
-1 1
+1 1
-29 1
+1 2
+11 1
+1 1
-1 1
+1 1
-7 1
+1 1
-1 1
+1 1
-4 1
+1 2
-25 1
+1 2
-4 1
+1 2
-7 1
+1 1
+2 1
+1 1
+97 1
cfi=(8)
cfn=(14)
calls=1 +65 
* 19675
fi=(10)
36 2
cfi=(11)
cfn=(20)
calls=1 -5 
* 9
fi=(12)
229 1
-12 1
+12 1
-11 1
+11 1
+3 6
401 3
+1 1
+3 2
+1 1
+11 1
-5 1
+5 1
-3 1
+3 1
-4 1
+4 1
cfi=(8)
cfn=(26)
calls=1 -44 
* 21
+2 4
cfi=(8)
cfn=(26)
calls=1 -46 
* 22
* 1
+2 3
-2 1
+2 1
cfi=(8)
cfn=(26)
calls=1 -48 
* 22
* 1
+2 3
-2 1
+2 1
cfi=(8)
cfn=(26)
calls=1 -50 
* 22
* 1
+12 1
-1 1
-11 1
+12 1
fe=(7)
236 1
cfi=(13)
cfn=(28)
calls=1 79 
* 16
* 1
+2 2
cfi=(14)
cfn=(30)
calls=1 32 
* 17
* 3
+12 3
+3 5
cfi=(2)
cfn=(32)
calls=1 871 
* 2132255
+1 1
+1 8
fi=(12)
439 3
+28 1
fe=(7)
235 1
fi=(12)
458 3
+2 4
+1 2
+2 4
+1 2
238 6
cfn=(24)
calls=1 60 
* 85
49 2
+1 2
+1 6
243 6
348 4
236 1
348 3
245 1
+1 1
-1 2
+1 6
+46 2
+22 1
+10 5
+13 2
+1 1
fe=(7)

ob=(5)
fl=(148) /build/glibc-vjB4T1/glibc-2.28/nptl/pthread_attr_init.c
fn=(796) pthread_attr_init@@GLIBC_2.2.5
33 1
+9 1
-9 1
+9 4
+5 1
cob=(1)
cfi=(96)
cfn=(399)
calls=1 +25 
* 1625
* 5
* 2
+3 3

fl=(130) /build/glibc-vjB4T1/glibc-2.28/nptl/../nptl/pthread_mutex_lock.c
fn=(640) pthread_mutex_lock
67 3
+4 2
-7 2
+11 2
+81 1
+5 1
-2 1
+7 1
+1 2
-83 2
+11 4
+4 1
+3 2
+13 4
+2 3
+1 2

fl=(188) /build/glibc-vjB4T1/glibc-2.28/nptl/cleanup_defer_compat.c
fn=(1794) _pthread_cleanup_pop_restore
65 1864
+3 2796
+23 1864
+1 932

fn=(1784) _pthread_cleanup_push_defer
28 932
+1 932
+1 1864
+2 1864
+3 1864
+17 2796
+2 932
+1 932

fl=(151) /build/glibc-vjB4T1/glibc-2.28/nptl/pthread_key_create.c
fn=(848) pthread_key_create
28 12
+2 3
+2 10
+2 6
+4 6
+6 2
-3 2
+3 2

fl=(142) /build/glibc-vjB4T1/glibc-2.28/nptl/pthread_self.c
fn=(710) pthread_self@GLIBC_2.2.5
25 1
+1 1

fl=(158) /build/glibc-vjB4T1/glibc-2.28/nptl/pthread_once.c
fn=(1132) __pthread_once_slow
68 1
fi=(161) /build/glibc-vjB4T1/glibc-2.28/nptl/../sysdeps/unix/sysv/linux/futex-internal.h
-7 2
fe=(158)
+7 8
+8 1
+4 2
+52 9
-44 2
+4 2
+9 2
+13 5
cfi=(159) /build/glibc-vjB4T1/glibc-2.28/nptl/cleanup_compat.c
cfn=(1134) _pthread_cleanup_push
calls=1 -85 
* 6
+2 1
cob=(9)
cfi=(153)
cfn=(1136) 0x00000000000a59b0
calls=1 0 
* 75654
+2 3
cfi=(159)
cfn=(1176) _pthread_cleanup_pop
calls=1 -75 
* 5
fi=(161)
231 5
fe=(158)
124 1
fi=(161)
231 3
fe=(158)

fn=(1133) __pthread_once_slow'2
68 1
fi=(161)
-7 2
fe=(158)
+7 8
+8 1
+4 2
+52 9
-44 2
+4 2
+9 2
+13 5
cfi=(159)
cfn=(1134)
calls=1 -85 
* 6
+2 1
cob=(9)
cfi=(153)
cfn=(1162) 0x00000000000a3910
calls=1 0 
* 2780
+2 3
cfi=(159)
cfn=(1176)
calls=1 -75 
* 5
fi=(161)
231 5
fe=(158)
124 1
fi=(161)
231 3
fe=(158)

fn=(1130) pthread_once
139 22
+1 44
+4 42
-1 1
cfn=(1132)
calls=1 -75 
* 75712

fn=(1131) pthread_once'2
139 14
+1 28
+4 26
-1 1
cfn=(1133)
calls=1 -75 
* 2838

fl=(101)
fn=(422)
0 9

ob=(8)
fl=(115)
fn=(566) 0x00000000000076a0
0 73
cob=(1)
cfi=(96)
cfn=(398)
calls=1 72 
0 2297
0 5
0 66
cob=(3)
cfi=(116) /build/glibc-vjB4T1/glibc-2.28/stdlib/getenv.c
cfn=(542) getenv
calls=5 34 
0 1698
0 5
0 22

fn=(552) 0x00000000000075d0
0 24
cob=(3)
cfi=(116)
cfn=(542)
calls=3 34 
0 1022
0 3
0 24

fn=(604) 0x0000000000018840
0 4
cob=(1)
cfi=(96)
cfn=(398)
calls=1 72 
0 75827
0 5
0 5
cfn=(694) 0x0000000000009b40
calls=1 0 
0 2178
0 3
cob=(1)
cfi=(96)
cfn=(398)
calls=1 72 
0 1705
0 5
0 5
cob=(1)
cfi=(96)
cfn=(398)
calls=1 72 
0 3106
0 5
0 5
cob=(1)
cfi=(96)
cfn=(398)
calls=1 72 
0 1951
0 5
0 809

fn=(694)
0 3
cob=(1)
cfi=(96)
cfn=(398)
calls=1 72 
0 2166
0 5
0 4

fn=(842) 0x0000000000022d30
0 32
cob=(1)
cfi=(96)
cfn=(398)
calls=1 72 
0 1491
0 5
0 5

fn=(534)
0 10
cob=(1)
cfi=(96)
cfn=(398)
calls=1 72 
0 2269
0 5
0 5
cfn=(552)
calls=1 0 
0 363
0 3
cfn=(552)
calls=1 0 
0 355
0 3
cfn=(552)
calls=1 0 
0 355
0 4
cfn=(564) 0x0000000000007f60
calls=1 0 
0 381
0 4
cfn=(564)
calls=1 0 
0 389
0 5
cfn=(566)
calls=1 0 
0 366
0 5
cfn=(566)
calls=1 0 
0 366
0 6
cfn=(564)
calls=1 0 
0 2343
0 1
cfn=(604)
calls=1 0 
0 85618
0 4
cob=(3)
cfi=(116)
cfn=(542)
calls=1 34 
0 346
0 1
0 7
cob=(3)
cfi=(116)
cfn=(542)
calls=1 34 
0 338
0 1
0 5
cob=(3)
cfi=(116)
cfn=(542)
calls=1 34 
0 338
0 1
0 6
cob=(3)
cfi=(116)
cfn=(542)
calls=1 34 
0 338
0 1
0 7
cob=(3)
cfi=(116)
cfn=(542)
calls=1 34 
0 342
0 1
0 9
cob=(1)
cfi=(96)
cfn=(398)
calls=1 72 
0 3086
0 5
0 3
cob=(1)
cfi=(96)
cfn=(398)
calls=1 72 
0 1543
0 5
0 3
cfn=(814) 0x0000000000007dc0
calls=1 0 
0 365
0 5
cfn=(814)
calls=1 0 
0 365
0 5
cob=(3)
cfi=(116)
cfn=(542)
calls=1 34 
0 338
0 1
0 7
cfn=(564)
calls=1 0 
0 381
0 5
cob=(3)
cfi=(116)
cfn=(542)
calls=1 34 
0 338
0 1
0 4
cfn=(842)
calls=1 0 
0 1533
0 14
cob=(3)
cfi=(116)
cfn=(542)
calls=1 34 
0 346
0 1
0 7

fn=(528)
0 11

fn=(814)
0 20
cob=(3)
cfi=(116)
cfn=(542)
calls=2 34 
0 684
0 2
0 24

fn=(564)
0 36
cfn=(566)
calls=4 0 
0 3434
0 24

fn=(870)
0 4
cob=(5)
cfi=(151)
cfn=(848)
calls=1 28 
0 25
0 1
0 4

ob=(5)
fl=(101)
fn=(422)
0 2

fl=(95) /build/glibc-vjB4T1/glibc-2.28/nptl/../sysdeps/unix/sysv/linux/sigaction.c
fn=(390) __libc_sigaction
43 10
+5 4
+2 2
+1 4
+7 2
-7 8
-1 2
+3 2
-2 10
+7 2
-5 2
+5 2
-7 2
+2 2
-2 2
+2 6
+5 4
-7 8
+7 14
+4 4
+8 10

fl=(93) /build/glibc-vjB4T1/glibc-2.28/nptl/nptl-init.c
fn=(386) __pthread_initialize_minimal
270 3
+2 1
fi=(94) /build/glibc-vjB4T1/glibc-2.28/nptl/../sysdeps/unix/sysv/linux/pthread-pids.h
29 1
fe=(93)
270 4
fi=(94)
29 3
fe=(93)
274 2
+1 1
+4 3
+6 1
+8 1
-4 1
+4 1
-8 1
+2 1
+6 1
+30 3
+3 1
+1 1
-1 1
fi=(192) /build/glibc-vjB4T1/glibc-2.28/nptl/../include/list.h
44 1
+1 1
+1 1
fe=(93)
331 1
fi=(192)
48 1
fe=(93)
331 1
+4 67
+8 3
-1 1
-1 2
+2 1
cfi=(95)
cfn=(390)
calls=1 43 
* 51
+7 3
-2 1
+1 1
-1 1
+2 1
cfi=(95)
cfn=(390)
calls=1 43 
* 51
+14 3
-4 1
+4 1
-4 1
+4 2
+8 3
cob=(1)
cfi=(96)
cfn=(398)
calls=1 72 
* 2139
* 5
+3 4
+2 1
+2 2
+5 2
-5 4
+5 1
cob=(1)
cfi=(96)
cfn=(398)
calls=1 72 
* 1582
* 5
* 2
+1 3
+4 1
+3 3
+4 1
+7 1
-7 1
+1 3
+5 7
+1 3
+1 1
+1 1
-1 1
+2 2
+5 1
+5 1
-5 1
+1 2
+1 1
+1 1
+1 3
+3 1
+11 1
-11 1
+3 1
+8 1
-8 1
+8 1
-6 2
+6 1
cob=(1)
cfi=(96)
cfn=(398)
calls=1 72 
* 2079
* 5
+4 1
-6 1
+7 8

fl=(132) /build/glibc-vjB4T1/glibc-2.28/nptl/pthread_mutex_unlock.c
fn=(650) pthread_mutex_unlock
356 2
cfn=(652) __pthread_mutex_unlock_usercnt
calls=1 40 
* 32

fn=(652)
40 1
-3 1
+3 2
+1 3
+4 2
+5 1
+1 2
+5 4
+36 2
-39 2
+9 2
+6 4
+4 3
+3 3

fl=(159)
fn=(1176)
43 4
+4 4
+2 2

fn=(1134)
29 2
+1 2
+1 4
+2 2
+1 2

fl=(102)
fn=(428)
107 1
+5 1
-5 1
+5 1
-5 3
+5 3
cob=(1)
cfi=(96)
cfn=(398)
calls=1 -40 
* 2119
* 5
+2 4
cob=(1)
cfi=(8)
cfn=(26)
calls=1 373 
* 19
* 1
+2 4
cob=(1)
cfi=(8)
cfn=(26)
calls=1 373 
* 19
* 1
+2 4
cob=(1)
cfi=(8)
cfn=(26)
calls=1 373 
* 19
* 1
+2 4
cob=(1)
cfi=(8)
cfn=(26)
calls=1 373 
* 19
* 1
+4 3
+1 1
+1 6

fl=(150) /build/glibc-vjB4T1/glibc-2.28/nptl/pthread_attr_setdetachstate.c
fn=(810) pthread_attr_setdetachstate
31 2
+6 1
+4 2

fl=(143) /build/glibc-vjB4T1/glibc-2.28/nptl/../sysdeps/unix/sysv/linux/pthread_getaffinity.c
fn=(718) pthread_getaffinity_np@@GLIBC_2.3.4
31 1
+4 2
-4 1
+4 4
+2 2
+4 2
-10 1
+10 4
cob=(1)
cfi=(96)
cfn=(399)
calls=1 +31 
* 1555
* 5
+2 1
+1 2

ob=(3)
fl=(145) /build/glibc-vjB4T1/glibc-2.28/string/../sysdeps/x86_64/multiarch/memset-vec-unaligned-erms.S
fn=(726) __memset_avx2_unaligned_erms
168 3
+5 1
+1 1
+59 1
+1 1
+2 1
+1 1
+1 1
+1 1
+1 1
+1 1
+1 1
+1 1
+3 1
+1 1

fl=(164) /build/glibc-vjB4T1/glibc-2.28/wcsmbs/btowc.c
fn=(1262) btowc
33 256
+5 256
-5 1536
+5 1536
+5 512
+4 384
fi=(165) /build/glibc-vjB4T1/glibc-2.28/wcsmbs/./wcsmbsload.h
+23 384
fe=(164)
-22 128
+2 128
-2 128
+2 128
+5 512
+3 256
cfi=(166) /build/glibc-vjB4T1/glibc-2.28/elf/dl-profstub.c
cfn=(1266) _dl_mcount_wrapper_check
calls=128 -20 
* 512
* 384
cfi=(167) /build/glibc-vjB4T1/glibc-2.28/iconv/gconv_simple.c
cfn=(1268) __gconv_btwoc_ascii
calls=128 -6 
* 640
+41 2048
fi=(165)
-27 384
+1 256
fe=(164)

fl=(98) /build/glibc-vjB4T1/glibc-2.28/resource/../sysdeps/unix/sysv/linux/getrlimit64.c
fn=(410) getrlimit
37 1
+1 7
+1 1

fl=(126) /build/glibc-vjB4T1/glibc-2.28/malloc/malloc.c
fn=(654) malloc_init_state
1798 4
+3 3
-3 2
+3 378
-3 252
+7 3
+5 1
+2 1
+1 1
-4 2

fn=(688) systrim.isra.1.constprop.10
2744 5
+11 3
+2 1
+1 2
-4 1
+8 3
+2 3
-5 1
+49 6

fn=(684) free
3078 2
+5 2
+1 2
+6 2
+5 1
-2 1
+2 2
+18 3
+2 3
+2 1
-1 1
+1 1
-1 1
cfn=(686) _int_free
calls=1 4147 
* 130

fn=(660) tcache_init.part.6
2978 1
-9 1
+9 9
+1 3
cfn=(662) _int_malloc
calls=1 3513 
* 384
* 1
+1 2
+8 4
+7 2
+2 1
+1 2
-1 1
+1 78
+3 2

fn=(664) sysmalloc
2258 8
+20 2
+11 2
+1 4
fi=(128) /build/glibc-vjB4T1/glibc-2.28/malloc/arena.c
535 1
fe=(126)
2305 2
fi=(128)
535 1
fe=(126)
2305 2
+66 1
+1 3
+1 1
+9 4
+6 4
+3 3
2708 2
+1 1
+5 2
+3 2
+2 2
+1 1
-1 1
+2 3
+1 1
+1 1
+2 1
-3 2
+1 1
+2 1
+6 9
2444 5
+19 1
-11 2
+11 1
+8 2
+2 5
cfi=(133) /build/glibc-vjB4T1/glibc-2.28/malloc/morecore.c
cfn=(666) __default_morecore
calls=1 46 
* 58
+4 3
-4 1
+4 1
+3 4
+1 2
+46 2
+2 3
+6 2
+3 4
+34 2
+6 3
+22 2
+1 5
+2 1
+1 2
cfi=(133)
cfn=(666)
calls=1 46 
* 25
+12 2
+8 2
+1 5
+39 1
-1 1
+1 3
+1 1
+11 2
2528 2
2661 3

fn=(630) malloc
3020 20
+5 8
+1 8
+5 23
+3 3
-2 9
+2 3
-2 3
+2 6
+3 6
+10 12
+2 9
cfn=(662)
calls=3 3513 
* 500
* 3
+1 21
-19 8
+8 2
+1 6
+33 21
-46 1
+46 5
-46 1
cfi=(127) /build/glibc-vjB4T1/glibc-2.28/malloc/hooks.c
cfn=(632) malloc_hook_ini
calls=1 30 
* 71745

fn=(631) malloc'2
3020 5
+5 2
+1 2
+5 7
+3 1
-2 3
+2 1
-2 1
+2 2
+13 4
+2 3
cfn=(662)
calls=1 3513 
* 161
* 1
+1 7
-19 4
-56 4
cfn=(660)
calls=1 +3 
* 491
+62 2
+36 7

fn=(662)
3513 5
+32 5
-32 30
+32 56
+4 10
1640 10
3573 10
+5 3
+2 2
+24 1
-59 2
+86 8
+62 103
+1 9
+20 5
-1 5
-1 5
+1 10
+1 5
-1 5
+1 10
-2 8
+6 20
+37 4
+42 4
+87 4
3755 12
3884 4
-87 8
+87 4
3723 4
+1 12
-6 5
+37 1
+42 1
+87 1
3755 3
3884 1
-87 2
+87 1
3723 1
+1 3
-90 6
+2 2
-2 2
+2 4
4139 45
3695 14
-62 50
3909 10
+2 12
+3 3
-3 3
+3 6
+68 10
+1 5
+1 5
-1 5
+3 5
-2 5
+2 5
-1 10
+1 5
+5 10
3693 4
3998 24
-3 33
4095 5
+1 10
+2 10
+3 15
+17 3
3898 10
1871 4
4111 4
1871 8
4106 4
-3 4
+1 4
+2 4
-1 4
+1 4
+2 4
-2 20
+2 8
+25 3
cfn=(664)
calls=1 2258 
* 226
* 1
+1 2
1871 3

fn=(686)
4147 10
+10 3
+6 5
+1 2
+4 4
+8 5
-1 3
+1 2
+36 2
4420 11
4287 2
+6 5
+7 1
-4 1
+4 2
+3 2
+5 3
+3 2
+1 2
+1 2
1878 3
4319 2
+9 2
+62 2
+20 2
-39 1
+1 3
+1 2
+18 3
+3 3
-89 3
-2 2
+93 5
+2 2
cfn=(688)
calls=1 2744 
* 25
* 1

fl=(190) /build/glibc-vjB4T1/glibc-2.28/stdio-common/_itoa.c
fn=(1792) _itoa_word
168 7456
+2 3728
+9 116524
+9 3728

fl=(70)
fn=(242)
42 10
+4 4
-1 4
+12 8
+2 10

fl=(128)
fn=(636) ptmalloc_init.part.0
289 5
+13 1
-8 1
+8 1
+6 2
+5 1
-5 1
+2 1
cfi=(126)
cfn=(654)
calls=1 1798 
* 647
+3 4
cob=(1)
cfi=(96)
cfn=(399)
calls=1 72 
* 1814
* 5
+1 4
cob=(1)
cfi=(8)
cfn=(26)
calls=1 +59 
* 22
* 1
+1 4
cob=(1)
cfi=(8)
cfn=(26)
calls=1 +58 
* 19
* 1
+1 4
cob=(1)
cfi=(8)
cfn=(26)
calls=1 +57 
* 22
* 1
+1 4
cob=(1)
cfi=(8)
cfn=(26)
calls=1 +56 
* 22
* 1
+1 4
cob=(1)
cfi=(8)
cfn=(26)
calls=1 +55 
* 19
* 1
+1 4
cob=(1)
cfi=(8)
cfn=(26)
calls=1 +54 
* 22
* 1
+1 4
cob=(1)
cfi=(8)
cfn=(26)
calls=1 +53 
* 22
* 1
+2 4
cob=(1)
cfi=(8)
cfn=(26)
calls=1 +51 
* 22
* 1
+1 4
cob=(1)
cfi=(8)
cfn=(26)
calls=1 +50 
* 22
* 1
+1 4
cob=(1)
cfi=(8)
cfn=(26)
calls=1 +49 
* 22
* 1
+71 2
+1 2
+3 1
+1 6
-97 5
cfi=(129) /build/glibc-vjB4T1/glibc-2.28/elf/dl-addr.c
cfn=(638) _dl_addr
calls=1 127 
* 68257
* 2
+1 4

fl=(184) /build/glibc-vjB4T1/glibc-2.28/libio/iofflush.c
fn=(1764) fflush
33 2
-1 4
+7 15
+1 1
fi=(181) /build/glibc-vjB4T1/glibc-2.28/libio/libioP.h
832 3
+2 2
+1 2
fe=(184)
40 2
cfi=(178) /build/glibc-vjB4T1/glibc-2.28/libio/fileops.c
cfn=(1766) _IO_file_sync@@GLIBC_2.2.5
calls=1 800 
* 17
* 4
fi=(181)
758 2
+1 8
fe=(184)
44 5

fl=(140) /build/glibc-vjB4T1/glibc-2.28/dirent/../sysdeps/posix/closedir.c
fn=(680) closedir
34 2
-3 1
+13 1
+6 1
cob=(2)
cfi=(17)
cfn=(682) 0x0000000004be2318
calls=1 -50 
* 153
+2 1
+1 1
-1 1
cfi=(141) /build/glibc-vjB4T1/glibc-2.28/io/../sysdeps/unix/sysv/linux/close_nocancel.c
cfn=(690) __close_nocancel
calls=1 -26 
* 5

fl=(107) /build/glibc-vjB4T1/glibc-2.28/string/../sysdeps/x86_64/multiarch/strrchr-avx2.S
fn=(444) __strrchr_avx2
43 1
+1 1
+2 1
+1 1
+3 1
+1 1
+1 1
+2 1
+1 1
+1 1
+1 1
+1 1
+1 1
+2 1
+1 1
+12 1
+1 1
216 1
+1 1
+1 1
+1 1
+1 1
+2 1
+1 1
+1 1
+1 1
+1 1

fl=(160) /build/glibc-vjB4T1/glibc-2.28/locale/newlocale.c
fn=(1174) newlocale
44 13
+12 2
+8 2
+3 3
+6 2
279 12
76 1
-2 12
-17 2

fl=(129)
fn=(638)
127 8
+2 1
-2 2
+5 1
-5 1
+5 2
cob=(5)
cfi=(130)
cfn=(640)
calls=1 -65 
* 33
+2 2
cob=(1)
cfi=(96)
cfn=(399)
calls=1 -62 
* 1939
* 5
+2 3
30 1
+1 1
-1 1
+1 1
+3 2
+5 1
+6 1
-7 1
+2 3
+2 3
+3 2
+4 5
-5 1015
+5 3032
+2 1010
+1 2020
-1 1
+1 2
+2 3680
+9 9264
+1 14725
+7 2345
-2 2345
+2 6115
-11 11725
+2 7006
+39 2
+1 1
+1 3
+3 2
+36 2
cob=(5)
cfi=(132)
cfn=(650)
calls=1 356 
* 34
+3 9
-81 1896
+54 1
+21 1
-20 2

fl=(64) /build/glibc-vjB4T1/glibc-2.28/elf/../sysdeps/unix/sysv/linux/dl-vdso.c
fn=(224) _dl_vdso_vsym
25 20
+1 8
+4 8
+18 24

fl=(108) /build/glibc-vjB4T1/glibc-2.28/ctype/ctype-info.c
fn=(446) __ctype_init
31 7
+2 4
+2 4
+1 1

fl=(127)
fn=(632)
30 1
-1 2
+1 1
fi=(128)
291 4
cfn=(636)
calls=1 -2 
* 71026
fe=(127)
32 1
+1 1
-1 1
cfi=(126)
cfn=(631)
calls=1 3020 
* 708

fl=(172) /build/glibc-vjB4T1/glibc-2.28/setjmp/../sysdeps/x86_64/setjmp.S
fn=(1622) __sigsetjmp
32 1
+9 1
+1 2
+1 1
+4 1
+1 1
+1 1
+1 1
+1 1
+2 2
+2 1
+1 1
+3 2
+2 1
+23 1
cfi=(173) /build/glibc-vjB4T1/glibc-2.28/setjmp/sigjmp.c
cfn=(1624) __sigjmp_save
calls=1 -56 
* 8

fl=(74)
fn=(260)
40 1
-2 1
+2 2
-2 2
+11 1

fl=(56)
fn=(282)
33 4
fi=(78) /build/glibc-vjB4T1/glibc-2.28/string/../sysdeps/x86_64/multiarch/stpncpy.c
-2 1
fe=(56)

fn=(286)
33 4
fi=(79) /build/glibc-vjB4T1/glibc-2.28/string/../sysdeps/x86_64/multiarch/stpcpy.c
* 1
fe=(56)

fn=(254)
33 4
fi=(73) /build/glibc-vjB4T1/glibc-2.28/string/../sysdeps/x86_64/multiarch/strcpy.c
-4 1
fe=(56)

fn=(206)
33 4
fi=(57) /build/glibc-vjB4T1/glibc-2.28/string/../sysdeps/x86_64/multiarch/strncpy.c
-4 1
fe=(56)

fn=(214)
33 4
fi=(60) /build/glibc-vjB4T1/glibc-2.28/string/../sysdeps/x86_64/multiarch/strcat.c
-4 1
fe=(56)

fl=(106) /build/glibc-vjB4T1/glibc-2.28/misc/init-misc.c
fn=(440) __init_misc
31 2
-1 3
+1 4
+2 3
cfi=(107)
cfn=(444)
calls=1 +10 
* 27
* 1
+4 5
+1 3
+2 4

fl=(124) /build/glibc-vjB4T1/glibc-2.28/io/../sysdeps/unix/sysv/linux/open64_nocancel.c
fn=(620) __open_nocancel
34 1
+3 1
-3 4
+3 6
+8 7
+2 5

fl=(154) /build/glibc-vjB4T1/glibc-2.28/stdlib/cxa_atexit.c
fn=(916) __new_exitfn
84 14
-6 28
+11 28
-10 14
+12 21
+1 36
-3 1
+10 2
-10 2
+2 12
+11 12
+25 6
+1 12
-1 12
+7 6
+1 6
+4 24
-5 1
+1 1
+4 4
-19 1
+1 2

fn=(912) __cxa_atexit
66 14
cfn=(914) __internal_atexit
calls=7 -30 
* 504

fn=(914)
36 7
+3 7
-3 28
+3 7
-3 28
+3 35
+1 14
cfn=(916)
calls=7 +44 
* 245
+2 14
+7 14
+3 7
-1 7
+2 7
+1 7
+1 28
+1 7
+1 42

fl=(58)
fn=(250)
32 5
fi=(72) /build/glibc-vjB4T1/glibc-2.28/string/../sysdeps/x86_64/multiarch/strncase.c
-1 1
fe=(58)

fn=(292)
32 5
fi=(80) /build/glibc-vjB4T1/glibc-2.28/string/../sysdeps/x86_64/multiarch/strncase_l.c
-1 1
fe=(58)

fn=(210)
32 5
fi=(59) /build/glibc-vjB4T1/glibc-2.28/string/../sysdeps/x86_64/multiarch/strcasecmp.c
-1 1
fe=(58)

fn=(272)
32 5
fi=(77) /build/glibc-vjB4T1/glibc-2.28/string/../sysdeps/x86_64/multiarch/strcasecmp_l.c
-1 1
fe=(58)

fl=(61)
fn=(290)
32 1
-2 1
+2 2
-2 3
fi=(193) /build/glibc-vjB4T1/glibc-2.28/string/../sysdeps/x86_64/multiarch/strchrnul.c
+1 1
fe=(61)

fn=(246)
32 2
-2 2
+2 4
-2 6
fi=(194) /build/glibc-vjB4T1/glibc-2.28/string/../sysdeps/x86_64/multiarch/strnlen.c
+1 2
fe=(61)

fn=(268)
32 2
-2 2
+2 4
-2 6
fi=(195) /build/glibc-vjB4T1/glibc-2.28/string/../sysdeps/x86_64/multiarch/strlen.c
-1 2
fe=(61)

fn=(270)
32 1
-2 1
+2 2
-2 3
fi=(196) /build/glibc-vjB4T1/glibc-2.28/string/../sysdeps/x86_64/multiarch/memrchr.c
-1 1
fe=(61)

fn=(276)
32 1
-2 1
+2 2
-2 3
fi=(197) /build/glibc-vjB4T1/glibc-2.28/string/../sysdeps/x86_64/multiarch/memchr.c
-1 1
fe=(61)

fn=(226)
32 1
-2 1
+2 2
-2 3
fi=(198) /build/glibc-vjB4T1/glibc-2.28/string/../sysdeps/x86_64/multiarch/rawmemchr.c
+1 1
fe=(61)

fn=(218)
32 1
-2 1
+2 2
-2 3
fi=(199) /build/glibc-vjB4T1/glibc-2.28/string/../sysdeps/x86_64/multiarch/strrchr.c
-2 1
fe=(61)

fl=(76)
fn=(266)
40 2
-2 1
+2 2
-2 2
+11 1

fl=(136) /build/glibc-vjB4T1/glibc-2.28/dirent/../sysdeps/posix/readdir.c
fn=(672) readdir
39 23
+5 46
-5 115
+2 46
+3 115
+21 46
+21 22
+3 22
+13 22
+3 22
+6 22
-9 22
+3 22
+6 22
-60 69
+14 8
cfi=(137) /build/glibc-vjB4T1/glibc-2.28/dirent/../sysdeps/unix/sysv/linux/getdents64.c
cfn=(674) __getdents
calls=2 -38 
* 10
+1 4
+14 4
-9 1
+5 1
+1 1
+37 92
+4 161

fl=(169) /build/glibc-vjB4T1/glibc-2.28/string/../sysdeps/x86_64/multiarch/memcmp-avx2-movbe.S
fn=(1284) __memcmp_avx2_movbe
66 50
+1 50
+3 1
+1 1
+1 1
+1 1
+1 1
+2 1
+1 1
+2 1
+2 1
+1 1
+1 1
+1 1
+3 1
+1 1
+2 1
+1 1
+2 1
+1 1
+2 1
+1 1
+2 1
+1 1
+1 1
+2 1
+1 1
+2 1
+1 1
+1 1
+1 1
+2 1
+1 1
+1 1
+2 1
+1 1
+1 1
+2 1
+1 1
+1 1
+2 1
+1 1
+1 1
+1 1
+1 1
+55 49
+1 49
+1 49
+1 49
+1 49
+1 49
+1 49
+1 49
+1 49
+1 49
+1 39
+1 39
+1 39
+4 10
+38 49
+1 49
+1 49
+1 49
+1 49
+1 49
+1 49

fl=(185) /build/glibc-vjB4T1/glibc-2.28/stdio-common/printf.c
fn=(1776) printf
28 10252
+4 932
+1 1864
-1 2796
+1 932
-1 932
+1 932
-1 932
+1 932
cfi=(186) /build/glibc-vjB4T1/glibc-2.28/stdio-common/vfprintf.c
cfn=(1778) vfprintf
calls=932 1239 
* 1052660
+4 4660

fl=(116)
fn=(542)
34 140
+5 140
+3 60
+49 200
-56 20
cfi=(117) /build/glibc-vjB4T1/glibc-2.28/string/../sysdeps/x86_64/multiarch/strlen-avx2.S
cfn=(546) __strlen_avx2
calls=20 +20 
* 348
* 20
+38 20
-6 20
-32 20
+37 20
+3 3880
+9 1920

fl=(146)
fn=(736)
35 6

fl=(65)
fn=(228)
32 2
-2 2
+2 4
-2 6
fi=(200) /build/glibc-vjB4T1/glibc-2.28/wcsmbs/../sysdeps/x86_64/multiarch/wmemchr.c
+1 2
fe=(65)

fn=(230)
32 1
-2 1
+2 2
-2 4

fn=(244)
32 2
-2 2
+2 4
-2 6
fi=(201) /build/glibc-vjB4T1/glibc-2.28/wcsmbs/../sysdeps/x86_64/multiarch/wcschr.c
+1 2
fe=(65)

fn=(278)
32 1
-2 1
+2 2
-2 3
fi=(202) /build/glibc-vjB4T1/glibc-2.28/wcsmbs/../sysdeps/x86_64/multiarch/wcslen.c
-1 1
fe=(65)

fl=(162) /build/glibc-vjB4T1/glibc-2.28/locale/uselocale.c
fn=(1250) uselocale
31 6
+2 4
+3 4
+1 2
+28 6
+1 6
+2 6
+4 6
+1 2

fl=(189) /build/glibc-vjB4T1/glibc-2.28/string/../sysdeps/x86_64/multiarch/memmove-vec-unaligned-erms.S
fn=(1788) __mempcpy_avx_unaligned_erms
213 4655
+1 4655
+1 4655
+17 4655
+1 4655
+44 4655
+1 4655
+2 4655
+1 4655
+1 4655
+1 4655
+1 2869
+1 2869
+1 1868
+1 1868
+1 1868
+2 1868
+29 1786
+1 1786
+1 1786
+1 1786
+1 1786
+3 1001
+1 1001
+1 1001
+1 1001
+1 1001

fl=(149) /build/glibc-vjB4T1/glibc-2.28/misc/../sysdeps/unix/sysv/linux/getpagesize.c
fn=(802) getpagesize
28 4
+2 1

fl=(109)
fn=(448)
84 4
+1 3
+1 3
+2 1

fl=(69)
fn=(240)
41 2
-2 2
+2 6
-2 4
+14 2

fl=(119) /build/glibc-vjB4T1/glibc-2.28/posix/../sysdeps/unix/sysv/linux/x86/sysconf.c
fn=(610) sysconf
32 9
+1 3
fi=(120) /build/glibc-vjB4T1/glibc-2.28/posix/../sysdeps/unix/sysv/linux/x86/../sysconf.c
+39 5
fe=(119)
-35 10
fi=(121) /build/glibc-vjB4T1/glibc-2.28/posix/../sysdeps/posix/sysconf.c
+17 6
628 1
cfi=(122) /build/glibc-vjB4T1/glibc-2.28/misc/../sysdeps/unix/sysv/linux/getsysstats.c
cfn=(616) get_nprocs_conf
calls=1 237 
* 73941
* 2
fe=(119)

fl=(125) /build/glibc-vjB4T1/glibc-2.28/io/../sysdeps/unix/sysv/linux/wordsize-64/fxstat.c
fn=(624) _fxstat
33 2
+1 4
+1 12
+4 2

fl=(167)
fn=(1268)
52 512
+3 128

fl=(103)
fn=(434)
52 8
+3 3
+12 1
fi=(105) /build/glibc-vjB4T1/glibc-2.28/csu/../sysdeps/unix/sysv/linux/x86_64/init-first.c
-31 1
fe=(103)
+33 1
fi=(104) /build/glibc-vjB4T1/glibc-2.28/csu/../sysdeps/generic/dl-hash.h
-24 1
fe=(103)
+23 1
fi=(104)
-24 1
fe=(103)
+25 1
fi=(105)
-33 4
fi=(104)
+7 1
+5 3
+14 4
-17 2
+3 9
+14 12
-17 15
fe=(103)
+17 1
-7 1
+7 4
fi=(104)
+5 1
fi=(105)
-31 2
+2 2
-2 1
+2 2
cfi=(64)
cfn=(224)
calls=1 -13 
* 15
+2 1
+4 2
-4 2
+1 2
+1 1
+2 1
cfi=(64)
cfn=(224)
calls=1 -19 
* 15
fe=(103)
+37 3
fi=(105)
-36 2
+1 1
fe=(103)
+35 1
cfi=(106)
cfn=(440)
calls=1 -50 
* 52
+3 1
cfi=(108)
cfn=(446)
calls=1 -53 
* 16
+5 6

fl=(110)
fn=(450)
488 7
+14 6
758 2
+2 1
+1 1
+2 1
-3 1
+5 1
-5 1
+4 3
+4 2
+3 2
+2 1
+1 1
+2 1
-3 1
+5 1
-5 1
+4 3
+9 1
+2 8
-2 1
+3 8
500 1
+4 1
-4 1
+4 1
cfn=(452) handle_intel.constprop.1
calls=1 259 
* 452
+2 1
-2 1
+2 1
cfn=(452)
calls=1 259 
* 490
+5 1
-5 1
+5 1
cfn=(452)
calls=1 259 
* 515
* 1
+8 2
-9 1
+20 1
+5 3
+4 2
+8 6
+3 2
+9 6
+14 2
+4 1
+3 1
+1 1
-4 1
+3 1
-3 1
+3 1
+6 8
-39 3
+3 9
+6 6
-6 3
+6 2
+3 20
+5 2
+4 1
+1 1
-1 2
+1 1
691 4
+1 5
+4 2
+59 2
592 2
+8 2
+2 1
-2 6
+2 4
-2 1
+4 1
+23 2
-25 2
+2 6
+2 6
+3 2
+1 8
+2 4
+3 2
+5 1
+2 2
+1 1
+1 1
-2 2
+1 1
+1 1
+27 2
+1 2
+2 1
-1 1
+1 1
-24 2
+3 1
+1 2
+3 1
+2 4
+1 1
+5 2

fn=(454) intel_check_word.isra.0
132 12
+6 6
-10 6
+10 6
-10 12
+10 12
-10 6
+10 6
-10 6
+10 6
-10 6
+10 6
+2 48
+2 15
+2 30
+8 30
+51 24
+22 12
fi=(111) /build/glibc-vjB4T1/glibc-2.28/string/../bits/stdlib-bsearch.h
28 12
-1 24
+8 66
-6 162
+2 162
+1 81
fe=(110)
+87 162
+3 81
fi=(111)
-85 30
fe=(110)
+97 3
255 36
-91 9
+3 9
-6 3
+3 6
+9 6
+1 6
+22 5
-32 15
+3 15
+4 16
+2 32
+2 14
+1 4
+5 3
+2 6
+2 3
+2 3
+1 3
-2 3
-1 3
+2 6
-2 3
+3 3
-2 9
+2 9
-11 10
+1 6
+1 2

fn=(452)
259 21
+2 3
-2 9
+5 9
+8 3
+3 6
-2 3
+2 3
-5 6
+11 15
+5 6
+2 3
+1 3
-1 3
+5 18
cfn=(454)
calls=3 132 
* 978
+2 6
+3 21
cfn=(454)
calls=3 132 
* 302
+2 6
+19 33

fl=(157) /build/glibc-vjB4T1/glibc-2.28/csu/../csu/libc-start.c
fn=(1090) (below main)
137 9
+4 1
-4 2
+4 3
+96 2
+1 4
cfi=(154)
cfn=(912)
calls=1 66 
* 75
+22 4
+3 2
+1 5
cob=(11)
cfi=(156)
cfn=(1092) __libc_csu_init
calls=1 0 
* 111124
+4 4
+15 2
+12 2
cfi=(171) /build/glibc-vjB4T1/glibc-2.28/setjmp/../sysdeps/x86_64/bsd-_setjmp.S
cfn=(1620) _setjmp
calls=1 30 
* 28
+1 2
+5 2
+1 2
+3 2
+3 6
cob=(11)
cfi=(156)
cfn=(1626) main
calls=1 0 
* 1509149161

fl=(170) /build/glibc-vjB4T1/glibc-2.28/string/../sysdeps/x86_64/multiarch/strcmp-avx2.S
fn=(1534) __strcmp_avx2
92 8
+1 8
+2 8
+1 8
+1 8
+1 8
+1 8
+2 8
+1 8
+1 8
+1 8
+1 8
+1 8
+1 8
+1 8
+18 8
+1 8
+1 8
+2 8
+1 8

fl=(186)
fn=(1778)
1239 13048
+31 2796
+8 2796
+4 4660
+11 2796
+11 1864
fi=(203) /build/glibc-vjB4T1/glibc-2.28/stdio-common/printf-parse.h
108 1864
fe=(186)
1304 1864
fi=(203)
108 932
cfi=(187) /build/glibc-vjB4T1/glibc-2.28/string/../sysdeps/x86_64/multiarch/strchr-avx2.S
cfn=(1782) __strchrnul_avx2
calls=932 -63 
* 20504
* 932
fe=(186)
1319 1864
fi=(203)
108 932
fe=(186)
1315 932
+4 932
+4 932
fi=(204) /build/glibc-vjB4T1/glibc-2.28/stdio-common/../libio/libioP.h
832 2796
+2 1864
-2 932
+2 932
-2 932
+3 1864
fe=(186)
1323 5592
cfi=(178)
cfn=(1684) _IO_file_xsputn@@GLIBC_2.2.5
calls=932 1205 
* 72956
* 3728
+4 2796
+4 6524
-57 932
+57 932
-23 932
-8 932
+73 14912
-13 1864
-3 1864
+16 3728
-14 1864
-1 1864
+15 1864
-3 1864
-5 1864
1632 1864
1373 3728
-12 1864
1610 1864
1356 3728
+6 1864
-7 1864
-1 3728
+16 1864
-17 1864
-1 1864
+17 1864
-3 1864
+4 5592
-92 1864
1691 4660
+1 8388
cob=(5)
cfi=(188)
cfn=(1794)
calls=932 65 
* 7456
+3 11184
1319 3728
+1 13048
1691 5592
1319 6524
cob=(5)
cfi=(188)
cfn=(1784)
calls=932 28 
* 12116
+1 1864
1655 1864
+2 3728
+8 1864
fi=(203)
108 1864
fe=(186)
1665 1864
fi=(203)
108 1864
fe=(186)
1665 1864
fi=(203)
108 1864
cfi=(187)
cfn=(1782)
calls=1864 -63 
* 33552
* 1864
fe=(186)
1665 1864
+4 5592
fi=(204)
834 3728
+1 3728
fe=(186)
1669 9320
cfi=(178)
cfn=(1684)
calls=1864 1205 
* 134208
* 20504
+2 4660
-34 20504
cfi=(190)
cfn=(1792)
calls=1864 168 
* 131436
* 63376
fi=(204)
834 3728
+1 3728
fe=(186)
1637 9320
cfi=(178)
cfn=(1684)
calls=1864 1205 
* 170704
* 68968
+1 3728
-1 33552

fl=(71)
fn=(264)
30 5
fi=(205) /build/glibc-vjB4T1/glibc-2.28/string/../sysdeps/x86_64/multiarch/strpbrk.c
-1 1
fe=(71)

fn=(248)
30 5
fi=(206) /build/glibc-vjB4T1/glibc-2.28/string/../sysdeps/x86_64/multiarch/strcspn.c
-1 1
fe=(71)

fn=(280)
30 5
fi=(207) /build/glibc-vjB4T1/glibc-2.28/string/../sysdeps/x86_64/multiarch/strspn.c
-1 1
fe=(71)

fl=(117)
fn=(546)
55 89
+1 89
+1 89
+3 89
+1 89
+1 89
+3 39
+1 39
+1 39
+8 39
+19 50
+1 50
+1 50
+1 50
+2 50
+1 50
+1 50
+1 40
+6 40
+1 40
+1 40
+4 40
+1 40
+16 10
+10 10
+1 10
+1 10
+1 10
335 49
+1 49
+1 49
+4 49
+1 49

fl=(174) /build/glibc-vjB4T1/glibc-2.28/stdlib/atoi.c
fn=(1632) atoi
26 1
+1 3
cfi=(138) /build/glibc-vjB4T1/glibc-2.28/stdlib/../stdlib/strtol.c
cfn=(1634) strtol
calls=1 +79 
* 197
+1 2

fl=(175) /build/glibc-vjB4T1/glibc-2.28/rt/../sysdeps/unix/clock_gettime.c
fn=(1648) clock_gettime
93 6
+22 5
cfi=(176) /build/glibc-vjB4T1/glibc-2.28/misc/../sysdeps/unix/syscall-template.S
cfn=(1650) __syscall_clock_gettime
calls=1 -56 
* 3
* 2
+19 4

fl=(138)
fn=(1634)
106 4
cfi=(139) /build/glibc-vjB4T1/glibc-2.28/stdlib/../stdlib/strtol_l.c
cfn=(1636) ____strtol_l_internal
calls=1 226 
* 193

fn=(676) strtoul
106 24
cfi=(139)
cfn=(678) ____strtoul_l_internal
calls=6 226 
* 592

fl=(168) /build/glibc-vjB4T1/glibc-2.28/wctype/wctype_l.c
fn=(1280) wctype_l
27 50
+7 10
-7 40
+3 10
cfi=(117)
cfn=(546)
calls=10 +25 
* 178
* 10
+3 10
-3 10
+3 10
+1 10
+7 48
+1 96
-8 48
+2 96
cfi=(117)
cfn=(546)
calls=48 +19 
* 880
* 48
* 20
cfi=(117)
cfn=(546)
calls=10 +19 
* 150
* 10
* 58
+2 312
cfi=(169)
cfn=(1284)
calls=49 +28 
* 1058
* 49
* 98
+8 10
+1 10
+1 80

fl=(134) /build/glibc-vjB4T1/glibc-2.28/misc/sbrk.c
fn=(668) sbrk
32 2
+8 2
-8 6
+8 9
+4 4
+4 6
+12 5
-19 2
cfi=(135) /build/glibc-vjB4T1/glibc-2.28/misc/../sysdeps/unix/sysv/linux/x86_64/brk.c
cfn=(670) brk
calls=1 -10 
* 10
* 4
+15 2
cfi=(135)
cfn=(670)
calls=1 -25 
* 10
* 2
+4 5

fl=(166)
fn=(1266)
38 384
+2 128

fl=(141)
fn=(690)
26 4
+1 1

fl=(178)
fn=(1684)
1205 18644
+7 4661
-7 13983
+6 23305
+7 23305
+17 3
+4 36
+2 4655
+2 4655
+2 13965
-2 4655
cfi=(189)
cfn=(1788)
calls=4655 213 
* 78350
* 4655
+1 4655
+1 4655
-2 4655
+4 18606
+28 41949
-55 9320
+1 9320
+3 13944
+2 37479
-2 34282
+11 6
+16 6
fi=(181)
832 18
+2 12
+1 12
fe=(178)
1251 7
fi=(181)
832 21
+2 14
+1 14
fe=(178)
1251 39
cfn=(1686) _IO_file_overflow@@GLIBC_2.2.5
calls=13 740 
* 1976
* 26
+6 26
+1 91
+2 26
+11 39
+1 52
cfi=(179) /build/glibc-vjB4T1/glibc-2.28/libio/genops.c
cfn=(1698) _IO_default_xsputn
calls=13 371 
* 2561
* 39

fn=(1766)
800 4
+5 4
+2 1
+1 2
+11 2
+4 4

fn=(1692) _IO_file_stat
1154 1
+1 3
cfi=(125)
cfn=(624)
calls=1 33 
* 10

fn=(1696) _IO_do_write@@GLIBC_2.2.5
433 29
+1 1
-3 26
+2 13
cfn=(1744) new_do_write
calls=13 +6 
* 1274
* 13
+1 13
-1 39
+1 13

fn=(1748) _IO_file_write@@GLIBC_2.2.5
1181 78
+2 78
+5 13
cfi=(183) /build/glibc-vjB4T1/glibc-2.28/io/../sysdeps/unix/sysv/linux/write.c
cfn=(1750) write
calls=13 26 
* 117
+1 26
+5 13
+1 13
-12 26
+2 13
+2 26
+1 26
+10 39
+3 117

fn=(1686)
740 165
-1 275
+8 327
+35 108
+3 84
+3 126
+1 126
+1 168
+4 42
+1 168
-45 2
+12 2
+9 4
+4 1
+4 1
-3 2
+2 2
-5 1
+1 1
+4 1
+1 4
+1 1
+2 2
+2 13
-1 13
+12 39
-11 13
-1 13
cfn=(1696)
calls=13 433 
* 1312
+9 2
-1 1
+1 1
-1 1
cfn=(1696)
calls=1 433 
* 109
* 2
-39 2
cfi=(179)
cfn=(1688) _IO_doallocbuf
calls=1 344 
* 338
+1 6

fn=(1744)
439 208
+2 26
fi=(181)
835 26
fe=(178)
456 52
cfn=(1748)
calls=13 1181 
* 585
+1 13
-1 13
+1 26
+2 13
+4 13
-4 39
+1 26
+3 26
-2 13
+4 117
-17 52
+14 26

fl=(81)
fn=(296)
42 3
fi=(63) /build/glibc-vjB4T1/glibc-2.28/time/../sysdeps/generic/dl-hash.h
+3 1
fe=(81)
-3 1
fi=(63)
+2 1
fe=(81)
-2 2
fi=(63)
+1 1
+5 3
+14 4
-17 2
+3 9
+14 12
-17 15
+22 1
fe=(81)
-25 6
cfi=(64)
cfn=(224)
calls=1 -17 
* 15
* 5

fl=(62)
fn=(220)
43 3
fi=(63)
+2 1
fe=(62)
-2 1
fi=(63)
+1 1
fe=(62)
-1 3
fi=(63)
+5 3
+14 4
-17 2
+3 9
+14 12
-17 15
+22 1
fe=(62)
-24 6
cfi=(64)
cfn=(224)
calls=1 -18 
* 15
* 5

fl=(147) /build/glibc-vjB4T1/glibc-2.28/posix/../posix/sched_cpucount.c
fn=(738) popcount_cpucount
26 1
-2 1
+2 1
+2 3
+2 1
+3 3
-5 3

fl=(179)
fn=(1688)
344 2
-1 3
+3 4
+1 1
fi=(181)
832 3
+2 2
+1 2
fe=(179)
347 2
cfi=(180) /build/glibc-vjB4T1/glibc-2.28/libio/filedoalloc.c
cfn=(1690) _IO_file_doallocate
calls=1 78 
* 313
* 2
+3 4

fn=(1694) _IO_setb
329 3
+1 4
+3 1
+2 4
-3 1
+3 2
+3 3

fn=(1698)
371 117
+3 26
fi=(181)
832 91
fe=(179)
399 149
fi=(181)
834 82
+1 82
fe=(179)
399 164
cfi=(178)
cfn=(1686)
calls=41 740 
* 1353
* 82
+2 41
-2 41
-20 216
+10 13
+15 104

fn=(1742) __overflow
199 2
+2 3
+2 1
fi=(181)
832 3
+2 2
+1 2
fe=(179)
203 1
+1 2
-1 1
cfi=(178)
cfn=(1686)
calls=1 740 
* 149

fl=(182) /build/glibc-vjB4T1/glibc-2.28/libio/putc.c
fn=(1740) putc
25 3
+3 2
+1 6
cfi=(179)
cfn=(1742)
calls=1 199 
* 166

fl=(123) /build/glibc-vjB4T1/glibc-2.28/dirent/../sysdeps/posix/opendir.c
fn=(618) opendir
39 2
+49 1
+4 3
cfi=(124)
cfn=(620)
calls=1 -58 
* 24
+1 1
-1 2
cfn=(622) opendir_tail
calls=1 -41 
* 71843

fn=(622)
51 6
+1 2
+7 6
cfi=(125)
cfn=(624)
calls=1 -26 
* 10
* 2
+2 4
+8 5
cfn=(626) __alloc_dir
calls=1 +29 
* 71801
+1 7

fn=(626)
98 8
+3 2
+12 1
-4 1
+4 2
+1 7
+4 1
cob=(2)
cfi=(17)
cfn=(628) 0x0000000004be2308
calls=1 0 
* 71762
* 1
+1 2
+18 1
+2 1
+2 1
+1 1
+1 1
+1 1
+1 1
+3 7

fl=(137)
fn=(674)
27 8
+1 2

fl=(139)
fn=(1636)
226 2
+54 1
-54 3
+19 1
-19 4
+26 2
+31 4
+9 6
+2 2
+5 2
+5 1
-6 1
+7 3
+3 3
+10 2
+10 4
-82 2
378 1
+56 5
+16 1
+10 4
+12 1
-22 2
+17 6
+5 6
+1 18
-41 12
+2 24
+2 18
+28 18
+3 12
+11 2
+5 3
+6 2
+36 8
325 2
492 3
-2 2

fn=(678)
226 12
+54 6
-54 18
+19 6
-19 24
+26 12
+31 24
+9 36
+2 12
+5 12
+5 6
-6 6
+7 18
+3 18
+10 10
+10 20
-82 5
373 10
+1 5
+4 5
-5 5
+1 10
+60 26
+16 6
+10 24
+12 6
-22 12
+17 4
+5 4
+1 12
-41 8
+2 8
+2 18
+7 4
+17 4
+1 4
+3 18
+3 8
+11 12
+5 12
+1 4
+12 8
+11 20
+18 48
325 10
-15 2
+15 2
514 4
+2 8
+5 4
+3 4
328 2
+46 1
-1 1
246 1
378 1
-4 1
+60 1

fl=(75)
fn=(262)
32 4
-2 2
+2 4
-2 4
+5 2
-1 8
fi=(208) /build/glibc-vjB4T1/glibc-2.28/wcsmbs/../sysdeps/x86_64/multiarch/wmemset.c
-3 2
fe=(75)

fl=(171)
fn=(1620)
30 1
+2 1
cfi=(172)
cfn=(1622)
calls=1 * 
* 26

fl=(100) /build/glibc-vjB4T1/glibc-2.28/nptl/register-atfork.c
fn=(418) __register_atfork
39 1
+1 1
-1 3
+1 1
-1 5
+1 4
+2 2
+3 1
fi=(209) /build/glibc-vjB4T1/glibc-2.28/nptl/../malloc/dynarray-skeleton.c
197 1
-1 1
+1 1
fe=(100)
45 1
fi=(209)
319 1
+1 1
-1 1
-1 1
+2 1
fe=(100)
49 2
+2 1
+1 1
+1 1
+1 1
+4 4
+2 2
+1 2
-1 1
+1 4

fl=(118) /build/glibc-vjB4T1/glibc-2.28/stdlib/secure-getenv.c
fn=(598) secure_getenv
29 5
cfi=(116)
cfn=(542)
calls=1 +5 
* 342

fl=(68)
fn=(238)
41 1
-2 1
+2 3
-2 2
+15 1

fl=(55)
fn=(204)
45 2
-1 2
+1 2
-1 4
+5 4
-1 4
+12 4
+2 10

fn=(232)
45 1
-1 1
+1 1
-1 2
+5 2
-1 2
+12 2
+2 5

fn=(258)
45 1
-1 1
+1 1
-1 2
+5 2
-1 2
+12 2
+2 5

fl=(66)
fn=(234)
33 10
-1 4
+2 4
+1 6
fi=(67) /build/glibc-vjB4T1/glibc-2.28/string/../sysdeps/x86_64/multiarch/memcmp.c
-6 2
fe=(66)

fl=(180)
fn=(1690)
78 8
+6 4
fi=(181)
832 3
+2 2
+1 2
fe=(180)
84 3
cfi=(178)
cfn=(1692)
calls=1 1154 
* 14
* 2
+2 4
+11 4
+4 2
cob=(2)
cfi=(17)
cfn=(628)
calls=1 0 
* 218
* 1
+2 1
-1 2
+2 4
cfi=(179)
cfn=(1694)
calls=1 329 
* 18
+1 1
+1 8
-15 1
fi=(210) /build/glibc-vjB4T1/glibc-2.28/libio/../include/sys/sysmacros.h
-44 6
fe=(180)
+44 1
-2 2
+5 2

fl=(122)
fn=(616)
237 1
+5 1
-5 1
+8 1
-8 1
+13 1
-13 6
+16 1
-11 1
cfi=(123)
cfn=(618)
calls=1 39 
* 71876
* 1
+1 3
+5 2
cfi=(136)
cfn=(672)
calls=1 39 
* 54
* 36
cfi=(136)
cfn=(672)
calls=18 39 
* 708
* 38
+2 174
+3 30
cfi=(138)
cfn=(676)
calls=6 106 
* 616
+1 30
+1 4
-7 4
+7 4
-7 4
cfi=(136)
cfn=(672)
calls=4 39 
* 156
* 8
+10 2
cfi=(140)
cfn=(680)
calls=1 34 
* 166
+24 11

fl=(133)
fn=(666)
46 2
+1 2
cfi=(134)
cfn=(668)
calls=2 -15 
* 69
+2 6
+3 4

fl=(177) /build/glibc-vjB4T1/glibc-2.28/libio/iofwrite.c
fn=(1682) fwrite
31 5
+1 1
-1 1
+1 1
-1 1
+4 2
+2 18
+1 5
+1 1
fi=(181)
832 3
+2 2
+1 2
fe=(177)
39 4
cfi=(178)
cfn=(1684)
calls=1 1205 
* 854
* 2
fi=(181)
758 3
+1 8
fe=(177)
45 2
+1 1
+3 9

fl=(176)
fn=(1650)
59 2
+1 1

fl=(187)
fn=(1782)
45 2796
+2 2796
+1 2796
+1 2796
+2 2796
+1 2796
+1 2796
+4 1864
+1 1864
+1 1864
+1 1864
+1 1864
+1 1864
+1 1864
+11 932
+1 932
+1 932
+1 932
+1 932
+1 932
+1 932
+2 932
+1 932
+1 932
+2 932
+1 932
+2 932
+7 932
+1 932
+87 1864
+2 1864
+7 1864
+1 1864

fl=(99) /build/glibc-vjB4T1/glibc-2.28/nptl/libc_pthread_init.c
fn=(416) __libc_pthread_init
43 1
+5 1
-5 1
+5 1
-3 1
+3 3
cfi=(100)
cfn=(418)
calls=1 -9 
* 46
+19 3
+3 3
+1 1
-4 3
+3 153
+1 51
-4 153
+12 2
-6 1
+6 1

fl=(173)
fn=(1624)
28 2
+1 3
+5 3

fl=(163) /build/glibc-vjB4T1/glibc-2.28/wcsmbs/wctob.c
fn=(1256) wctob
31 1152
+9 384
+5 384
+37 1280

fl=(183)
fn=(1750)
26 104
+1 13

fl=(135)
fn=(670)
31 12
+2 4
+6 2
+1 2

ob=(11)
fl=(156)
fn=(1104) _GLOBAL__sub_I__Z7isPrimei
0 5
cfn=(1106) __static_initialization_and_destruction_0(int, int)
calls=1 0 
0 111060
0 2

fn=(1106)
0 11
cob=(1)
cfi=(96)
cfn=(398)
calls=1 72 
0 109319
0 5
0 5
cob=(1)
cfi=(96)
cfn=(398)
calls=1 72 
0 1712
0 5
0 3

fn=(1088)
0 11
cob=(3)
cfi=(157)
cfn=(1090)
calls=1 137 
0 1509260442

fn=(1092)
0 14
cob=(2)
cfi=(17)
cfn=(1094) 0x0000000000109000
calls=1 0 
0 6
0 8
cfn=(1098) 0x00000000000011b0
calls=1 0 
0 11
0 4
cfn=(1104)
calls=1 0 
0 111067
0 14

fn=(1626)
0 11
cob=(1)
cfi=(96)
cfn=(398)
calls=1 72 
0 1749
0 5
0 2
cob=(1)
cfi=(96)
cfn=(398)
calls=1 72 
0 2714
0 5
0 4
cfn=(1652) twins(int)
calls=1 0 
0 1509144671

fn=(1770) isPrime(int)
0 1507058683

fn=(1098)
0 11

fn=(1652)
0 7
cob=(1)
cfi=(96)
cfn=(398)
calls=1 72 
0 7964
0 5
0 5
cob=(1)
cfi=(96)
cfn=(398)
calls=1 72 
0 9216
0 5
0 432602
cfn=(1770)
calls=72100 0 
0 1344775968
0 172746
cfn=(1770)
calls=7137 0 
0 162282715
0 238027
cob=(3)
cfi=(185)
cfn=(1776)
calls=931 28 
0 1076804
cob=(1)
cfi=(96)
cfn=(398)
calls=1 72 
0 2541
0 936
0 145130

ob=(2)
fl=(17)
fn=(628)
0 2
cob=(3)
cfi=(126)
cfn=(630)
calls=2 3020 
0 71978

fn=(876)
0 6

fn=(1094)
0 6

fn=(886)
0 6

fn=(458)
0 6

fn=(84)
0 9
cob=(1)
cfi=(18)
cfn=(86)
calls=9 111 
0 36

fn=(470)
0 6

fn=(682)
0 1
cob=(3)
cfi=(126)
cfn=(684)
calls=1 3078 
0 152

fn=(384)
0 2
cob=(5)
cfi=(93)
cfn=(386)
calls=1 270 
0 6120
0 2

fn=(524)
0 6

fn=(1076)
0 6

ob=(4)
fl=(86)
fn=(324)
29 5
fi=(211) /build/glibc-vjB4T1/glibc-2.28/math/../sysdeps/x86_64/fpu/multiarch/s_ceilf.c
+1 1
fe=(86)

fn=(346)
29 5
fi=(212) /build/glibc-vjB4T1/glibc-2.28/math/../sysdeps/x86_64/fpu/multiarch/s_floorf.c
+1 1
fe=(86)

fn=(356)
29 5
fi=(213) /build/glibc-vjB4T1/glibc-2.28/math/../sysdeps/x86_64/fpu/multiarch/s_truncf.c
+1 1
fe=(86)

fn=(366)
29 5
fi=(214) /build/glibc-vjB4T1/glibc-2.28/math/../sysdeps/x86_64/fpu/multiarch/s_trunc.c
+1 1
fe=(86)

fn=(338)
29 5
fi=(215) /build/glibc-vjB4T1/glibc-2.28/math/../sysdeps/x86_64/fpu/multiarch/s_rintf.c
+1 1
fe=(86)

fn=(326)
29 5
fi=(216) /build/glibc-vjB4T1/glibc-2.28/math/../sysdeps/x86_64/fpu/multiarch/s_ceil.c
+1 1
fe=(86)

fn=(348)
29 5
fi=(217) /build/glibc-vjB4T1/glibc-2.28/math/../sysdeps/x86_64/fpu/multiarch/s_floor.c
+1 1
fe=(86)

fn=(318)
29 5
fi=(218) /build/glibc-vjB4T1/glibc-2.28/math/../sysdeps/x86_64/fpu/multiarch/s_rint.c
+1 1
fe=(86)

fl=(152)
fn=(880)
0 11

fl=(82)
fn=(354)
30 1
-1 1
+1 2
-1 3
fi=(219) /build/glibc-vjB4T1/glibc-2.28/math/../sysdeps/x86_64/fpu/multiarch/e_exp2f.c
-3 1
fe=(82)

fn=(344)
30 1
-1 1
+1 2
-1 3
fi=(220) /build/glibc-vjB4T1/glibc-2.28/math/../sysdeps/x86_64/fpu/multiarch/s_sinf.c
-3 1
fe=(82)

fn=(332)
30 1
-1 1
+1 2
-1 3
fi=(221) /build/glibc-vjB4T1/glibc-2.28/math/../sysdeps/x86_64/fpu/multiarch/e_log2f.c
-3 1
fe=(82)

fn=(310)
30 1
-1 1
+1 2
-1 3
fi=(222) /build/glibc-vjB4T1/glibc-2.28/math/../sysdeps/x86_64/fpu/multiarch/e_expf.c
-3 1
fe=(82)

fn=(304)
30 1
-1 1
+1 2
-1 3
fi=(223) /build/glibc-vjB4T1/glibc-2.28/math/../sysdeps/x86_64/fpu/multiarch/s_cosf.c
-3 1
fe=(82)

fn=(316)
30 1
-1 1
+1 2
-1 3
fi=(224) /build/glibc-vjB4T1/glibc-2.28/math/../sysdeps/x86_64/fpu/multiarch/e_logf.c
-3 1
fe=(82)

fn=(320)
30 1
-1 1
+1 2
-1 3
fi=(225) /build/glibc-vjB4T1/glibc-2.28/math/../sysdeps/x86_64/fpu/multiarch/s_sincosf.c
-3 1
fe=(82)

fn=(322)
30 1
-1 1
+1 2
-1 4

fl=(83)
fn=(306)
33 2
-1 1
+1 2
-1 2
fi=(84) /build/glibc-vjB4T1/glibc-2.28/math/../sysdeps/x86_64/fpu/multiarch/e_exp.c
-8 1
fe=(83)

fn=(334)
33 2
-1 1
+1 2
-1 2
fi=(89) /build/glibc-vjB4T1/glibc-2.28/math/../sysdeps/x86_64/fpu/multiarch/e_log.c
-8 1
fe=(83)

fn=(312)
33 2
-1 1
+1 2
-1 2
fi=(85) /build/glibc-vjB4T1/glibc-2.28/math/../sysdeps/x86_64/fpu/multiarch/s_sin.c
+2 1
fe=(83)

fn=(362)
33 2
-1 1
+1 2
-1 2
fi=(85)
-5 1
fe=(83)

fn=(358)
33 2
-1 1
+1 2
-1 2
fi=(91) /build/glibc-vjB4T1/glibc-2.28/math/../sysdeps/x86_64/fpu/multiarch/e_atan2.c
-8 1
fe=(83)

fl=(87)
fn=(340)
32 2
-1 1
+1 2
-1 2
fi=(90) /build/glibc-vjB4T1/glibc-2.28/math/../sysdeps/x86_64/fpu/multiarch/e_asin.c
+2 1
fe=(87)

fn=(328)
32 2
-1 1
+1 2
-1 2
fi=(88) /build/glibc-vjB4T1/glibc-2.28/math/../sysdeps/x86_64/fpu/multiarch/e_pow.c
-7 1
fe=(87)

fn=(350)
32 2
-1 1
+1 2
-1 2
fi=(90)
-6 1
fe=(87)

ob=(9)
fl=(153)
fn=(1160) std::locale::facet::_S_get_c_locale()
0 84
cob=(5)
cfi=(158)
cfn=(1131)
calls=14 139 
0 2907
0 14
0 56

fn=(1226) std::__timepunct<char>::_M_initialize_timepunct(__locale_struct*)
0 10
cfn=(1160)
calls=1 0 
0 16
0 1
0 95

fn=(1302) std::__cxx11::moneypunct<wchar_t, false>::_M_initialize_moneypunct(__locale_struct*, char const*)
0 123

fn=(1326) std::__cxx11::messages<wchar_t>::messages(unsigned long)
0 12
cfn=(1160)
calls=1 0 
0 16
0 1
0 2
cfn=(1148) std::locale::facet::_S_get_c_name()
calls=1 0 
0 2
0 1
0 5

fn=(1352) std::moneypunct<char, false>::_M_initialize_moneypunct(__locale_struct*, char const*)
0 122

fn=(1418) std::moneypunct<wchar_t, false>::_M_initialize_moneypunct(__locale_struct*, char const*)
0 123

fn=(1490) std::basic_ios<char, std::char_traits<char> >::init(std::basic_streambuf<char, std::char_traits<char> >*)
0 24
cfn=(1496) std::ios_base::_M_init()
calls=3 0 
0 276
cob=(1)
cfi=(96)
cfn=(399)
calls=1 72 
0 2255
0 8
0 12
cfn=(1514) std::basic_ios<char, std::char_traits<char> >::_M_cache_locale(std::locale const&)
calls=3 0 
0 2316
cob=(1)
cfi=(96)
cfn=(399)
calls=1 72 
0 10834
0 8
0 52

fn=(1514)
0 28
cfn=(1520) bool std::has_facet<std::ctype<char> >(std::locale const&)
calls=3 0 
0 459
cob=(1)
cfi=(96)
cfn=(399)
calls=1 72 
0 3271
0 8
0 16
cfn=(1540) std::ctype<char> const& std::use_facet<std::ctype<char> >(std::locale const&)
calls=3 0 
0 453
cob=(1)
cfi=(96)
cfn=(399)
calls=1 72 
0 1031
0 8
0 12
cfn=(1546) bool std::has_facet<std::num_put<char, std::ostreambuf_iterator<char, std::char_traits<char> > > >(std::locale const&)
calls=3 0 
0 327
cob=(1)
cfi=(96)
cfn=(399)
calls=1 72 
0 1349
0 8
0 16
cfn=(1554) std::num_put<char, std::ostreambuf_iterator<char, std::char_traits<char> > > const& std::use_facet<std::num_put<char, std::ostreambuf_iterator<char, std::char_traits<char> > > >(std::locale const&)
calls=3 0 
0 321
cob=(1)
cfi=(96)
cfn=(399)
calls=1 72 
0 1355
0 8
0 12
cfn=(1560) bool std::has_facet<std::num_get<char, std::istreambuf_iterator<char, std::char_traits<char> > > >(std::locale const&)
calls=3 0 
0 327
cob=(1)
cfi=(96)
cfn=(399)
calls=1 72 
0 1333
0 8
0 16
cfn=(1566) std::num_get<char, std::istreambuf_iterator<char, std::char_traits<char> > > const& std::use_facet<std::num_get<char, std::istreambuf_iterator<char, std::char_traits<char> > > >(std::locale const&)
calls=3 0 
0 321
cob=(1)
cfi=(96)
cfn=(399)
calls=1 72 
0 1363
0 8
0 20

fn=(1590) std::ctype<wchar_t> const& std::use_facet<std::ctype<wchar_t> >(std::locale const&)
0 16
cfn=(1190) std::locale::id::_M_id() const
calls=4 0 
0 20
0 4
0 44
cfn=(1526) __dynamic_cast
calls=4 0 
0 324
0 4
0 16

fn=(1608) bool std::has_facet<std::num_get<wchar_t, std::istreambuf_iterator<wchar_t, std::char_traits<wchar_t> > > >(std::locale const&)
0 16
cfn=(1190)
calls=4 0 
0 20
0 4
0 52
cfn=(1526)
calls=4 0 
0 324
0 4
0 16

fn=(1658) std::basic_ostream<char, std::char_traits<char> >& std::operator<< <std::char_traits<char> >(std::basic_ostream<char, std::char_traits<char> >&, char const*)
0 9
cob=(1)
cfi=(96)
cfn=(399)
calls=1 72 
0 1591
0 5
0 4
cob=(1)
cfi=(96)
cfn=(399)
calls=1 72 
0 5100
0 5
0 5

fn=(1722) std::ctype<char>::_M_widen_init() const
0 1074
cob=(1)
cfi=(96)
cfn=(399)
calls=1 72 
0 1645
0 5
0 7

fn=(1006)
0 33

fn=(1120) std::locale::locale()
0 176
cfn=(1122) 0x00000000000a59f0
calls=22 0 
0 76967
0 330

fn=(1136)
0 4
cob=(1)
cfi=(96)
cfn=(399)
calls=1 72 
0 75638
0 5
0 7

fn=(1184) std::locale::_Impl::_M_install_facet(std::locale::id const*, std::locale::facet const*)
0 390
cfn=(1190)
calls=29 0 
0 377
cob=(1)
cfi=(96)
cfn=(399)
calls=1 72 
0 750
0 34
0 10500

fn=(1430) std::moneypunct<wchar_t, true>::_M_initialize_moneypunct(__locale_struct*, char const*)
0 123

fn=(1496)
0 80
cfn=(1120)
calls=8 0 
0 320
0 8
0 24
cfn=(1502) std::locale::operator=(std::locale const&)
calls=7 0 
0 140
cob=(1)
cfi=(96)
cfn=(399)
calls=1 72 
0 725
0 12
0 16
cfn=(1508) std::locale::~locale()
calls=7 0 
0 70
cob=(1)
cfi=(96)
cfn=(399)
calls=1 72 
0 723
0 12
0 32

fn=(940) __cxa_guard_release
0 7

fn=(1050)
0 49

fn=(1154) std::ctype<char>::ctype(unsigned short const*, bool, unsigned long)
0 14
cob=(1)
cfi=(96)
cfn=(399)
calls=1 72 
0 3694
0 5
0 101

fn=(1220) std::__timepunct<char>::__timepunct(std::__timepunct_cache<char>*, unsigned long)
0 14
cfn=(1148)
calls=1 0 
0 2
0 1
0 4
cob=(1)
cfi=(96)
cfn=(399)
calls=1 72 
0 1203
0 5
0 4

fn=(1502)
0 160

fn=(1578) std::basic_ios<wchar_t, std::char_traits<wchar_t> >::_M_cache_locale(std::locale const&)
0 28
cfn=(1584) bool std::has_facet<std::ctype<wchar_t> >(std::locale const&)
calls=3 0 
0 327
cob=(1)
cfi=(96)
cfn=(399)
calls=1 72 
0 965
0 8
0 16
cfn=(1590)
calls=3 0 
0 321
cob=(1)
cfi=(96)
cfn=(399)
calls=1 72 
0 987
0 8
0 12
cfn=(1596) bool std::has_facet<std::num_put<wchar_t, std::ostreambuf_iterator<wchar_t, std::char_traits<wchar_t> > > >(std::locale const&)
calls=3 0 
0 327
cob=(1)
cfi=(96)
cfn=(399)
calls=1 72 
0 1333
0 8
0 16
cfn=(1602) std::num_put<wchar_t, std::ostreambuf_iterator<wchar_t, std::char_traits<wchar_t> > > const& std::use_facet<std::num_put<wchar_t, std::ostreambuf_iterator<wchar_t, std::char_traits<wchar_t> > > >(std::locale const&)
calls=3 0 
0 321
cob=(1)
cfi=(96)
cfn=(399)
calls=1 72 
0 1379
0 8
0 12
cfn=(1608)
calls=3 0 
0 327
cob=(1)
cfi=(96)
cfn=(399)
calls=1 72 
0 1333
0 8
0 16
cfn=(1614) std::num_get<wchar_t, std::istreambuf_iterator<wchar_t, std::char_traits<wchar_t> > > const& std::use_facet<std::num_get<wchar_t, std::istreambuf_iterator<wchar_t, std::char_traits<wchar_t> > > >(std::locale const&)
calls=3 0 
0 321
cob=(1)
cfi=(96)
cfn=(399)
calls=1 72 
0 1371
0 8
0 20

fn=(1642) std::chrono::_V2::system_clock::now()
0 4
cob=(1)
cfi=(96)
cfn=(399)
calls=1 72 
0 1576
0 5
0 4

fn=(1668) std::basic_ostream<char, std::char_traits<char> >& std::__ostream_insert<char, std::char_traits<char> >(std::basic_ostream<char, std::char_traits<char> >&, char const*, long)
0 14
cob=(1)
cfi=(96)
cfn=(399)
calls=1 72 
0 710
0 5
0 12
cob=(1)
cfi=(96)
cfn=(399)
calls=1 72 
0 686
0 5
0 14
cfn=(1676) __gnu_cxx::stdio_sync_filebuf<char, std::char_traits<char> >::xsputn(char const*, long)
calls=1 0 
0 2481
0 5

fn=(934) __cxa_guard_acquire
0 24

fn=(1142) std::locale::_Impl::_Impl(unsigned long)
0 444
cob=(1)
cfi=(96)
cfn=(399)
calls=1 72 
0 835
0 5
0 7
cob=(1)
cfi=(96)
cfn=(399)
calls=1 72 
0 4535
0 5
0 4
cob=(1)
cfi=(96)
cfn=(399)
calls=1 72 
0 2159
0 5
0 3
cob=(1)
cfi=(96)
cfn=(399)
calls=1 72 
0 851
0 5
0 4
cfn=(1184)
calls=1 0 
0 377
0 1
0 23
cob=(1)
cfi=(96)
cfn=(399)
calls=1 72 
0 1546
0 5
0 4
cfn=(1184)
calls=1 0 
0 377
0 1
0 8
cfn=(1184)
calls=1 0 
0 377
0 1
0 8
cfn=(1184)
calls=1 0 
0 377
0 1
0 5
cfn=(1160)
calls=1 0 
0 16
0 1
0 5
cfn=(1184)
calls=1 0 
0 377
0 1
0 28
cob=(1)
cfi=(96)
cfn=(399)
calls=1 72 
0 1337
0 5
0 4
cfn=(1184)
calls=1 0 
0 377
0 1
0 28
cob=(1)
cfi=(96)
cfn=(399)
calls=1 72 
0 1345
0 5
0 4
cfn=(1184)
calls=1 0 
0 377
0 1
0 8
cfn=(1184)
calls=1 0 
0 377
0 1
0 8
cfn=(1184)
calls=1 0 
0 377
0 1
0 56
cob=(1)
cfi=(96)
cfn=(399)
calls=1 72 
0 2185
0 5
0 4
cfn=(1184)
calls=1 0 
0 377
0 1
0 8
cfn=(1184)
calls=1 0 
0 377
0 1
0 8
cfn=(1184)
calls=1 0 
0 377
0 1
0 3
cob=(1)
cfi=(96)
cfn=(399)
calls=1 72 
0 837
0 5
0 4
cfn=(1184)
calls=1 0 
0 377
0 1
0 3
cob=(1)
cfi=(96)
cfn=(399)
calls=1 72 
0 29151
0 5
0 4
cfn=(1184)
calls=1 0 
0 377
0 1
0 3
cob=(1)
cfi=(96)
cfn=(399)
calls=1 72 
0 851
0 5
0 4
cfn=(1184)
calls=1 0 
0 377
0 1
0 22
cob=(1)
cfi=(96)
cfn=(399)
calls=1 72 
0 1468
0 5
0 4
cfn=(1184)
calls=1 0 
0 377
0 1
0 8
cfn=(1184)
calls=1 0 
0 377
0 1
0 8
cfn=(1184)
calls=1 0 
0 377
0 1
0 5
cfn=(1160)
calls=1 0 
0 16
0 1
0 5
cfn=(1184)
calls=1 0 
0 377
0 1
0 27
cob=(1)
cfi=(96)
cfn=(399)
calls=1 72 
0 1346
0 5
0 4
cfn=(1184)
calls=1 0 
0 377
0 1
0 27
cob=(1)
cfi=(96)
cfn=(399)
calls=1 72 
0 1330
0 5
0 4
cfn=(1184)
calls=1 0 
0 377
0 1
0 8
cfn=(1184)
calls=1 0 
0 377
0 1
0 8
cfn=(1184)
calls=1 0 
0 377
0 1
0 56
cob=(1)
cfi=(96)
cfn=(399)
calls=1 72 
0 2175
0 5
0 4
cfn=(1184)
calls=1 0 
0 377
0 1
0 8
cfn=(1184)
calls=1 0 
0 377
0 1
0 8
cfn=(1184)
calls=1 0 
0 377
0 1
0 3
cob=(1)
cfi=(96)
cfn=(399)
calls=1 72 
0 837
0 5
0 4
cfn=(1184)
calls=1 0 
0 377
0 1
0 8
cfn=(1184)
calls=1 0 
0 377
0 1
0 8
cfn=(1184)
calls=1 0 
0 377
0 1
0 10
cfn=(1328) 0x00000000000bc100
calls=1 0 
0 10021
0 4
cfn=(1190)
calls=1 0 
0 5
0 1
0 5
cfn=(1190)
calls=1 0 
0 5
0 1
0 4
cfn=(1190)
calls=1 0 
0 5
0 1
0 4
cfn=(1190)
calls=1 0 
0 5
0 1
0 5
cfn=(1190)
calls=1 0 
0 5
0 1
0 4
cfn=(1190)
calls=1 0 
0 5
0 1
0 4
cfn=(1190)
calls=1 0 
0 5
0 1
0 5
cfn=(1190)
calls=1 0 
0 5
0 1
0 10

fn=(1208) std::__cxx11::moneypunct<char, false>::_M_initialize_moneypunct(__locale_struct*, char const*)
0 122

fn=(1328)
0 20
cob=(1)
cfi=(96)
cfn=(399)
calls=1 72 
0 1452
0 5
0 8
cfn=(1190)
calls=1 0 
0 13
0 1
0 8
cfn=(1160)
calls=1 0 
0 16
0 1
0 8
cfn=(1190)
calls=1 0 
0 13
0 1
0 12
cob=(1)
cfi=(96)
cfn=(399)
calls=1 72 
0 1251
0 5
0 7
cfn=(1190)
calls=1 0 
0 13
0 1
0 12
cob=(1)
cfi=(96)
cfn=(399)
calls=1 72 
0 1259
0 5
0 7
cfn=(1190)
calls=1 0 
0 13
0 1
0 14
cfn=(1190)
calls=1 0 
0 13
0 1
0 14
cfn=(1190)
calls=1 0 
0 13
0 1
0 14
cfn=(1190)
calls=1 0 
0 13
0 1
0 6
cob=(1)
cfi=(96)
cfn=(399)
calls=1 72 
0 783
0 5
0 7
cfn=(1190)
calls=1 0 
0 13
0 1
0 16
cob=(1)
cfi=(96)
cfn=(399)
calls=1 72 
0 1374
0 5
0 7
cfn=(1190)
calls=1 0 
0 13
0 1
0 8
cfn=(1160)
calls=1 0 
0 16
0 1
0 8
cfn=(1190)
calls=1 0 
0 13
0 1
0 13
cob=(1)
cfi=(96)
cfn=(399)
calls=1 72 
0 1252
0 5
0 7
cfn=(1190)
calls=1 0 
0 13
0 1
0 12
cob=(1)
cfi=(96)
cfn=(399)
calls=1 72 
0 1260
0 5
0 7
cfn=(1190)
calls=1 0 
0 13
0 1
0 14
cfn=(1190)
calls=1 0 
0 13
0 1
0 14
cfn=(1190)
calls=1 0 
0 13
0 1
0 14
cfn=(1190)
calls=1 0 
0 13
0 1
0 6
cob=(1)
cfi=(96)
cfn=(399)
calls=1 72 
0 751
0 5
0 6
cfn=(1190)
calls=1 0 
0 13
0 1
0 5
cfn=(1190)
calls=1 0 
0 5
0 1
0 4
cfn=(1190)
calls=1 0 
0 5
0 1
0 4
cfn=(1190)
calls=1 0 
0 5
0 1
0 4
cfn=(1190)
calls=1 0 
0 5
0 1
0 5
cfn=(1190)
calls=1 0 
0 5
0 1
0 5
cfn=(1190)
calls=1 0 
0 5
0 1
0 9

fn=(1454) std::messages<wchar_t>::messages(unsigned long)
0 12
cfn=(1160)
calls=1 0 
0 16
0 1
0 2
cfn=(1148)
calls=1 0 
0 2
0 1
0 5

fn=(1548) __cxxabiv1::__si_class_type_info::__do_dyncast(long, __cxxabiv1::__class_type_info::__sub_kind, __cxxabiv1::__class_type_info const*, void const*, __cxxabiv1::__class_type_info const*, void const*, __cxxabiv1::__class_type_info::__dyncast_result&) const
0 1400

fn=(1714) std::ostream::operator<<(std::ostream& (*)(std::ostream&))
0 1
cfn=(1716) std::basic_ostream<char, std::char_traits<char> >& std::endl<char, std::char_traits<char> >(std::basic_ostream<char, std::char_traits<char> >&)
calls=1 0 
0 8305

fn=(1734) __gnu_cxx::stdio_sync_filebuf<char, std::char_traits<char> >::overflow(int)
0 6
cob=(1)
cfi=(96)
cfn=(399)
calls=1 72 
0 1731
0 5

fn=(922)
0 2
cob=(1)
cfi=(96)
cfn=(398)
calls=1 72 
0 2273
0 5
0 4

fn=(982)
0 51

fn=(1196) std::codecvt<char, char, __mbstate_t>::codecvt(unsigned long)
0 12
cfn=(1160)
calls=1 0 
0 16
0 1
0 5

fn=(1296) std::__cxx11::numpunct<wchar_t>::_M_initialize_numpunct(__locale_struct*)
0 349

fn=(1308) std::__cxx11::moneypunct<wchar_t, true>::_M_initialize_moneypunct(__locale_struct*, char const*)
0 123

fn=(1388) std::messages<char>::messages(unsigned long)
0 12
cfn=(1160)
calls=1 0 
0 16
0 1
0 2
cfn=(1148)
calls=1 0 
0 2
0 1
0 5

fn=(1528) __cxxabiv1::__vmi_class_type_info::__do_dyncast(long, __cxxabiv1::__class_type_info::__sub_kind, __cxxabiv1::__class_type_info const*, void const*, __cxxabiv1::__class_type_info const*, void const*, __cxxabiv1::__class_type_info::__dyncast_result&) const
0 408
cob=(3)
cfi=(170)
cfn=(1534)
calls=7 92 
0 140
cob=(1)
cfi=(96)
cfn=(399)
calls=1 72 
0 1577
0 12
0 56

fn=(1566)
0 16
cfn=(1190)
calls=4 0 
0 20
0 4
0 44
cfn=(1526)
calls=4 0 
0 324
0 4
0 16

fn=(1708) std::ostream::sentry::~sentry()
0 12

fn=(1024)
0 49

fn=(1122)
0 132
cob=(5)
cfi=(158)
cfn=(1130)
calls=21 139 
0 105
cob=(1)
cfi=(96)
cfn=(399)
calls=1 72 
0 76594
0 26
0 110

fn=(1202) std::__cxx11::numpunct<char>::_M_initialize_numpunct(__locale_struct*)
0 419

fn=(1290) std::codecvt<wchar_t, char, __mbstate_t>::codecvt(unsigned long)
0 12
cfn=(1160)
calls=1 0 
0 16
0 1
0 5

fn=(1560)
0 16
cfn=(1190)
calls=4 0 
0 20
0 4
0 52
cfn=(1526)
calls=4 0 
0 324
0 4
0 16

fn=(890)
0 11

fn=(944)
0 8
cob=(1)
cfi=(96)
cfn=(398)
calls=1 72 
0 1829
0 5
0 8

fn=(954)
0 74

fn=(984)
0 5
cob=(3)
cfi=(154)
cfn=(912)
calls=1 66 
0 75
0 1
0 5
cob=(3)
cfi=(154)
cfn=(912)
calls=1 66 
0 75
0 1

fn=(988)
0 33

fn=(1190)
0 908

fn=(1238) std::ctype<wchar_t>::ctype(unsigned long)
0 12
cfn=(1160)
calls=1 0 
0 16
0 1
0 7
cob=(1)
cfi=(96)
cfn=(399)
calls=1 72 
0 28421
0 5

fn=(1320) std::__timepunct<wchar_t>::_M_initialize_timepunct(__locale_struct*)
0 9
cfn=(1160)
calls=1 0 
0 16
0 1
0 94

fn=(1364) std::moneypunct<char, true>::_M_initialize_moneypunct(__locale_struct*, char const*)
0 122

fn=(1520)
0 16
cfn=(1190)
calls=4 0 
0 20
0 4
0 52
cfn=(1526)
calls=3 0 
0 375
cob=(1)
cfi=(96)
cfn=(399)
calls=1 72 
0 2359
0 8
0 16

fn=(1554)
0 16
cfn=(1190)
calls=4 0 
0 20
0 4
0 44
cfn=(1526)
calls=4 0 
0 324
0 4
0 16

fn=(1602)
0 16
cfn=(1190)
calls=4 0 
0 20
0 4
0 44
cfn=(1526)
calls=4 0 
0 324
0 4
0 16

fn=(1674) std::ostream::sentry::sentry(std::ostream&)
0 44

fn=(1716)
0 13
cob=(1)
cfi=(96)
cfn=(399)
calls=1 72 
0 2435
0 5
0 5
cob=(1)
cfi=(96)
cfn=(399)
calls=1 72 
0 2298
0 5
0 2
cob=(1)
cfi=(96)
cfn=(399)
calls=1 72 
0 3532
0 5
0 5

fn=(1756) std::ostream::flush()
0 9
cfn=(1758) __gnu_cxx::stdio_sync_filebuf<char, std::char_traits<char> >::sync()
calls=1 0 
0 1612
0 5

fn=(1758)
0 2
cob=(1)
cfi=(96)
cfn=(399)
calls=1 72 
0 1605
0 5

fn=(904) std::error_category::error_category()
0 8

fn=(1114) std::ios_base::Init::Init()
0 29
cob=(1)
cfi=(96)
cfn=(399)
calls=1 72 
0 77314
0 5
0 16
cfn=(1120)
calls=1 0 
0 40
0 1
0 14
cfn=(1120)
calls=1 0 
0 40
0 1
0 6
cob=(1)
cfi=(96)
cfn=(399)
calls=1 72 
0 788
0 5
0 15
cob=(1)
cfi=(96)
cfn=(399)
calls=1 72 
0 14233
0 5
0 3
cfn=(1484) std::ios_base::ios_base()
calls=1 0 
0 99
0 1
0 16
cfn=(1490)
calls=1 0 
0 888
0 1
0 3
cfn=(1484)
calls=1 0 
0 99
0 1
0 14
cfn=(1490)
calls=1 0 
0 888
0 1
0 3
cfn=(1484)
calls=1 0 
0 99
0 1
0 14
cfn=(1490)
calls=1 0 
0 888
0 1
0 16
cfn=(1120)
calls=1 0 
0 40
0 1
0 16
cfn=(1120)
calls=1 0 
0 40
0 1
0 14
cfn=(1120)
calls=1 0 
0 40
0 1
0 6
cfn=(1484)
calls=1 0 
0 99
0 1
0 15
cob=(1)
cfi=(96)
cfn=(399)
calls=1 72 
0 9740
0 5
0 3
cfn=(1484)
calls=1 0 
0 99
0 1
0 16
cfn=(1572) std::basic_ios<wchar_t, std::char_traits<wchar_t> >::init(std::basic_streambuf<wchar_t, std::char_traits<wchar_t> >*)
calls=1 0 
0 800
0 1
0 3
cfn=(1484)
calls=1 0 
0 99
0 1
0 14
cfn=(1572)
calls=1 0 
0 800
0 1
0 3
cfn=(1484)
calls=1 0 
0 99
0 1
0 14
cfn=(1572)
calls=1 0 
0 800
0 1
0 14

fn=(1148)
0 14

fn=(1168) std::locale::facet::_S_create_c_locale(__locale_struct*&, char const*, __locale_struct*)
0 4
cob=(1)
cfi=(96)
cfn=(399)
calls=1 72 
0 1692
0 5
0 5

fn=(1214) std::__cxx11::moneypunct<char, true>::_M_initialize_moneypunct(__locale_struct*, char const*)
0 122

fn=(1232) std::__cxx11::messages<char>::messages(unsigned long)
0 12
cfn=(1160)
calls=1 0 
0 16
0 1
0 2
cfn=(1148)
calls=1 0 
0 2
0 1
0 5

fn=(1244) std::ctype<wchar_t>::_M_initialize_ctype()
0 9
cob=(1)
cfi=(96)
cfn=(399)
calls=1 72 
0 1626
0 5
0 770
cob=(3)
cfi=(163)
cfn=(1256)
calls=127 31 
0 3175
cob=(1)
cfi=(96)
cfn=(399)
calls=1 72 
0 1615
0 132
0 260
cob=(1)
cfi=(96)
cfn=(399)
calls=1 72 
0 1600
0 5
0 510
cob=(3)
cfi=(164)
cfn=(1262)
calls=255 33 
0 10344
0 255
0 1067
cfn=(1274) std::ctype<wchar_t>::_M_convert_to_wmask(unsigned short) const
calls=7 0 
0 1686
cob=(1)
cfi=(96)
cfn=(399)
calls=1 72 
0 2594
0 12
0 95
cfn=(1274)
calls=4 0 
0 1765
0 4
0 19
cob=(3)
cfi=(162)
cfn=(1250)
calls=1 31 
0 21
0 1
0 2

fn=(1314) std::__timepunct<wchar_t>::__timepunct(std::__timepunct_cache<wchar_t>*, unsigned long)
0 14
cfn=(1148)
calls=1 0 
0 2
0 1
0 4
cob=(1)
cfi=(96)
cfn=(399)
calls=1 72 
0 1193
0 5
0 4

fn=(1334) std::numpunct<char>::_M_initialize_numpunct(__locale_struct*)
0 419

fn=(1508)
0 80

fn=(1596)
0 16
cfn=(1190)
calls=4 0 
0 20
0 4
0 52
cfn=(1526)
calls=4 0 
0 324
0 4
0 16

fn=(1676)
0 5
cob=(1)
cfi=(96)
cfn=(399)
calls=1 72 
0 2471
0 5

fn=(1732) std::ostream::put(char)
0 10
cfn=(1674)
calls=1 0 
0 22
0 1
0 10
cfn=(1708)
calls=1 0 
0 6
0 1
0 9
cfn=(1734)
calls=1 0 
0 1742
0 2

fn=(896)
0 5
cob=(1)
cfi=(96)
cfn=(398)
calls=1 72 
0 765
0 5
0 7
cob=(1)
cfi=(96)
cfn=(398)
calls=1 72 
0 1713
0 5
0 3
cfn=(904)
calls=1 0 
0 4
0 1
0 7
cob=(3)
cfi=(154)
cfn=(912)
calls=1 66 
0 75
0 1

fn=(928) std::future_category()
0 6
cob=(1)
cfi=(96)
cfn=(399)
calls=1 72 
0 729
0 5
0 4
cob=(1)
cfi=(96)
cfn=(399)
calls=1 72 
0 712
0 5
0 4
cob=(3)
cfi=(154)
cfn=(912)
calls=1 66 
0 75
0 1
0 3

fn=(1162)
0 4
cob=(1)
cfi=(96)
cfn=(399)
calls=1 72 
0 2771
0 5

fn=(1274)
0 102
cob=(3)
cfi=(168)
cfn=(1280)
calls=1 27 
0 151
0 1
0 11
cob=(3)
cfi=(168)
cfn=(1280)
calls=1 27 
0 574
0 1
0 3
cob=(3)
cfi=(168)
cfn=(1280)
calls=1 27 
0 209
0 1
0 3
cob=(3)
cfi=(168)
cfn=(1280)
calls=1 27 
0 354
0 1
0 3
cob=(3)
cfi=(168)
cfn=(1280)
calls=1 27 
0 408
0 1
0 3
cob=(3)
cfi=(168)
cfn=(1280)
calls=1 27 
0 213
0 1
0 3
cob=(3)
cfi=(168)
cfn=(1280)
calls=1 27 
0 628
0 1
0 3
cob=(1)
cfi=(96)
cfn=(399)
calls=1 72 
0 1729
0 5
0 3
cob=(3)
cfi=(168)
cfn=(1280)
calls=1 27 
0 263
0 1
0 3
cob=(3)
cfi=(168)
cfn=(1280)
calls=1 27 
0 516
0 1

fn=(1400) std::numpunct<wchar_t>::_M_initialize_numpunct(__locale_struct*)
0 349

fn=(1484)
0 464
cfn=(1120)
calls=8 0 
0 320
0 8

fn=(1526)
0 1392
cfn=(1548)
calls=40 0 
0 1400
cfn=(1528)
calls=8 0 
0 2193
0 816

fn=(1540)
0 16
cfn=(1190)
calls=4 0 
0 20
0 4
0 44
cfn=(1526)
calls=4 0 
0 500
0 4
0 16

fn=(1546)
0 16
cfn=(1190)
calls=4 0 
0 20
0 4
0 52
cfn=(1526)
calls=4 0 
0 324
0 4
0 16

fn=(1572)
0 24
cfn=(1496)
calls=4 0 
0 368
0 4
0 12
cfn=(1578)
calls=3 0 
0 2052
cob=(1)
cfi=(96)
cfn=(399)
calls=1 72 
0 8524
0 8
0 52

fn=(1584)
0 16
cfn=(1190)
calls=4 0 
0 20
0 4
0 52
cfn=(1526)
calls=4 0 
0 324
0 4
0 16

fn=(1614)
0 16
cfn=(1190)
calls=4 0 
0 20
0 4
0 44
cfn=(1526)
calls=4 0 
0 324
0 4
0 16

totals: 1511535730
